  -0.100,  0.050, 86.130,   21.3
  -0.100,  0.050, 86.130,   21.5
  -0.200,  0.050, 86.130,   21.7
  -0.200,  0.050, 86.130,   21.9
  -0.200,  0.050, 86.130,   22.1
  -0.200,  0.050, 86.130,   22.3
  -0.100,  0.050, 86.130,   22.5
  -0.100,  0.050, 86.130,   22.7
  -0.200,  0.050, 86.130,   22.9
  -0.200,  0.050, 86.130,   23.1
  -0.200,  0.050, 86.130,   23.3
  -0.200,  0.050, 86.130,   23.5
  -0.200,  0.050, 86.130,   23.7
  -0.200,  0.050, 86.130,   23.9
  -0.200,  0.050, 86.130,   24.1
  -0.200,  0.050, 86.130,   24.3
  -0.100,  0.050, 86.130,   24.5
  -0.200,  0.050, 86.130,   24.7
  -0.200,  0.050, 86.130,   24.9
   0.000,  0.090, 86.130,   25.1
   0.200,  0.180, 86.130,   25.3
   0.500,  0.280, 86.130,   25.5
   0.800,  0.380, 86.130,   25.7
   1.200,  0.480, 86.130,   25.9
   1.500,  0.580, 86.130,   26.1
   1.800,  0.680, 86.130,   26.3
   2.100,  0.780, 86.130,   26.5
   2.500,  0.880, 86.130,   26.7
   2.800,  0.980, 86.130,   26.9
   3.100,  1.080, 86.130,   27.1
   3.500,  1.180, 86.130,   27.3
   3.800,  1.270, 86.130,   27.5
   4.200,  1.370, 86.130,   27.7
   4.500,  1.470, 86.130,   27.9
   4.800,  1.570, 86.130,   28.1
   5.200,  1.670, 86.130,   28.3
   5.600,  1.770, 86.130,   28.5
   5.900,  1.870, 86.130,   28.7
   6.300,  1.970, 86.130,   28.9
   6.600,  2.070, 86.130,   29.1
   7.000,  2.170, 86.130,   29.3
   7.400,  2.270, 86.130,   29.5
   7.700,  2.370, 86.130,   29.7
   8.100,  2.460, 86.130,   29.9
   8.400,  2.560, 86.130,   30.1
   8.900,  2.660, 86.130,   30.3
   9.200,  2.760, 86.130,   30.5
   9.600,  2.860, 86.130,   30.7
  10.000,  2.960, 86.130,   30.9
  10.400,  3.060, 86.130,   31.1
  10.700,  3.160, 86.130,   31.3
  11.200,  3.260, 86.130,   31.5
  11.500,  3.360, 86.130,   31.7
  11.900,  3.460, 86.130,   31.9
  12.300,  3.560, 86.130,   32.1
  12.700,  3.650, 86.130,   32.3
  13.100,  3.750, 86.130,   32.5
  13.600,  3.850, 86.130,   32.7
  14.000,  3.950, 86.130,   32.9
  14.400,  4.050, 86.130,   33.1
  14.800,  4.150, 86.130,   33.3
  15.200,  4.250, 86.130,   33.5
  15.700,  4.350, 86.130,   33.7
  16.100,  4.450, 86.130,   33.9
  16.500,  4.550, 86.130,   34.1
  17.000,  4.650, 86.130,   34.3
  17.400,  4.740, 86.130,   34.5
  17.900,  4.840, 86.130,   34.7
  18.300,  4.940, 86.130,   34.9
  18.800,  5.040, 86.130,   35.1
  19.200,  5.140, 86.130,   35.3
  19.700,  5.240, 86.130,   35.5
  20.200,  5.340, 86.130,   35.7
  20.700,  5.440, 86.130,   35.9
  21.200,  5.540, 86.130,   36.1
  21.700,  5.640, 86.130,   36.3
  22.100,  5.740, 86.130,   36.5
  22.700,  5.840, 86.130,   36.7
  23.100,  5.930, 86.130,   36.9
  23.700,  6.030, 86.130,   37.1
  24.200,  6.130, 86.130,   37.3
  24.700,  6.230, 86.130,   37.5
  25.200,  6.330, 86.130,   37.7
  25.700,  6.430, 86.130,   37.9
  26.300,  6.530, 86.130,   38.1
  26.900,  6.630, 86.130,   38.3
  27.400,  6.730, 86.130,   38.5
  28.000,  6.830, 86.130,   38.7
  28.600,  6.930, 86.130,   38.9
  29.200,  7.020, 86.130,   39.1
  29.800,  7.120, 86.110,   39.3
  30.300,  7.220, 86.110,   39.5
  31.000,  7.320, 86.110,   39.7
  31.600,  7.420, 86.110,   39.9
  32.200,  7.520, 86.110,   40.1
  32.900,  7.620, 86.110,   40.3
  33.500,  7.720, 86.110,   40.5
  34.200,  7.820, 86.110,   40.7
  34.900,  7.920, 86.110,   40.9
  35.600,  8.020, 86.110,   41.1
  36.300,  8.110, 86.110,   41.3
  37.000,  8.210, 86.110,   41.5
  37.700,  8.310, 86.110,   41.7
  38.500,  8.410, 86.110,   41.9
  39.300,  8.510, 86.110,   42.1
  40.100,  8.610, 86.110,   42.3
  40.900,  8.710, 86.110,   42.5
  41.800,  8.810, 86.110,   42.7
  42.700,  8.910, 86.110,   42.9
  43.600,  9.010, 86.110,   43.1
  44.500,  9.110, 86.110,   43.3
  45.500,  9.200, 86.110,   43.5
  46.500,  9.300, 86.110,   43.7
  47.600,  9.400, 86.110,   43.9
  48.700,  9.500, 86.110,   44.1
  49.900,  9.600, 86.110,   44.3
  51.100,  9.700, 86.110,   44.5
  52.500,  9.800, 86.110,   44.7
 237.100,  9.880, 86.110,   44.9
 406.800,  9.970, 86.110,   45.1
 408.300, 10.070, 86.110,   45.3
 409.700, 10.160, 86.110,   45.5
 411.000, 10.260, 86.110,   45.7
 412.300, 10.360, 86.110,   45.9
 413.500, 10.460, 86.110,   46.1
 414.800, 10.560, 86.110,   46.3
 416.000, 10.660, 86.110,   46.5
 417.200, 10.760, 86.110,   46.7
 418.400, 10.860, 86.110,   46.9
 419.500, 10.960, 86.110,   47.1
 420.700, 11.060, 86.110,   47.3
 421.800, 11.160, 86.110,   47.5
 422.900, 11.250, 86.110,   47.7
 424.000, 11.350, 86.110,   47.9
 425.100, 11.450, 86.110,   48.1
 426.200, 11.550, 86.110,   48.3
 427.200, 11.650, 86.110,   48.5
 428.300, 11.750, 86.110,   48.7
 429.400, 11.850, 86.110,   48.9
 430.400, 11.950, 86.110,   49.1
 431.400, 12.050, 86.110,   49.3
 432.400, 12.150, 86.110,   49.5
 433.400, 12.240, 86.110,   49.7
 434.300, 12.340, 86.110,   49.9
 435.300, 12.440, 86.110,   50.1
 436.300, 12.540, 86.110,   50.3
 437.300, 12.640, 86.110,   50.5
 438.200, 12.740, 86.110,   50.7
 439.100, 12.840, 86.110,   50.9
 440.100, 12.940, 86.110,   51.1
 441.000, 13.040, 86.110,   51.3
 441.900, 13.140, 86.110,   51.5
 442.800, 13.240, 86.110,   51.7
 443.700, 13.330, 86.110,   51.9
 444.600, 13.440, 86.110,   52.1
 445.500, 13.530, 86.110,   52.3
 446.400, 13.630, 86.110,   52.5
 447.200, 13.730, 86.110,   52.7
 448.100, 13.830, 86.110,   52.9
 448.900, 13.930, 86.110,   53.1
 449.800, 14.030, 86.110,   53.3
 450.600, 14.130, 86.110,   53.5
 451.500, 14.230, 86.110,   53.7
 452.300, 14.330, 86.110,   53.9
 453.100, 14.420, 86.110,   54.1
 453.900, 14.520, 86.110,   54.3
 454.700, 14.620, 86.110,   54.5
 455.500, 14.720, 86.110,   54.7
 456.300, 14.820, 86.110,   54.9
 457.100, 14.920, 86.110,   55.1
 457.900, 15.020, 86.110,   55.3
 458.700, 15.120, 86.110,   55.5
 459.400, 15.220, 86.110,   55.7
 460.200, 15.320, 86.110,   55.9
 460.900, 15.420, 86.110,   56.1
 461.700, 15.520, 86.110,   56.3
 462.400, 15.620, 86.110,   56.5
 463.200, 15.710, 86.110,   56.7
 464.000, 15.810, 86.110,   56.9
 464.700, 15.910, 86.110,   57.1
 465.400, 16.010, 86.110,   57.3
 466.200, 16.110, 86.110,   57.5
 466.900, 16.210, 86.110,   57.7
 467.600, 16.310, 86.110,   57.9
 468.300, 16.410, 86.110,   58.1
 469.000, 16.510, 86.110,   58.3
 469.700, 16.610, 86.110,   58.5
 470.400, 16.710, 86.110,   58.7
 471.100, 16.800, 86.110,   58.9
 471.800, 16.900, 86.110,   59.1
 472.500, 17.000, 86.110,   59.3
 473.100, 17.100, 86.110,   59.5
 473.800, 17.200, 86.110,   59.7
 474.500, 17.300, 86.110,   59.9
 475.100, 17.400, 86.110,   60.1
 475.800, 17.500, 86.110,   60.3
 476.400, 17.600, 86.110,   60.5
 477.100, 17.700, 86.110,   60.7
 477.800, 17.790, 86.110,   60.9
 478.400, 17.890, 86.110,   61.1
 479.000, 17.990, 86.110,   61.3
 479.700, 18.090, 86.110,   61.5
 480.300, 18.190, 86.110,   61.7
 481.000, 18.290, 86.110,   61.9
 481.600, 18.390, 86.110,   62.1
 482.200, 18.490, 86.110,   62.3
 482.800, 18.590, 86.110,   62.5
 483.400, 18.690, 86.110,   62.7
 484.000, 18.790, 86.110,   62.9
 484.700, 18.890, 86.110,   63.1
 485.300, 18.980, 86.110,   63.3
 485.800, 19.080, 86.110,   63.5
 486.400, 19.180, 86.110,   63.7
 487.000, 19.280, 86.110,   63.9
 487.700, 19.380, 86.110,   64.1
 488.200, 19.480, 86.110,   64.3
 488.800, 19.580, 86.110,   64.5
 489.400, 19.680, 86.110,   64.7
 490.000, 19.780, 86.110,   64.9
 490.600, 19.880, 86.110,   65.1
 491.100, 19.980, 86.110,   65.3
 491.700, 20.080, 86.110,   65.5
 492.300, 20.180, 86.110,   65.7
 492.900, 20.270, 86.110,   65.9
 493.400, 20.370, 86.110,   66.1
 494.000, 20.470, 86.110,   66.3
 494.500, 20.570, 86.110,   66.5
 495.100, 20.670, 86.110,   66.7
 495.600, 20.770, 86.110,   66.9
 496.200, 20.870, 86.110,   67.1
 496.700, 20.970, 86.110,   67.3
 497.300, 21.070, 86.110,   67.5
 497.800, 21.170, 86.110,   67.7
 498.400, 21.260, 86.110,   67.9
 498.900, 21.360, 86.110,   68.1
 499.400, 21.460, 86.110,   68.3
 500.000, 21.560, 86.110,   68.5
 500.500, 21.660, 86.110,   68.7
 501.000, 21.760, 86.110,   68.9
 501.500, 21.860, 86.110,   69.1
 502.100, 21.960, 86.110,   69.3
 502.600, 22.060, 86.110,   69.5
 503.100, 22.160, 86.110,   69.7
 503.600, 22.260, 86.110,   69.9
 504.100, 22.360, 86.110,   70.1
 504.700, 22.460, 86.110,   70.3
 505.200, 22.550, 86.110,   70.5
 505.700, 22.650, 86.110,   70.7
 506.200, 22.750, 86.110,   70.9
 506.700, 22.850, 86.110,   71.1
 507.200, 22.950, 86.110,   71.3
 507.700, 23.050, 86.110,   71.5
 508.200, 23.150, 86.110,   71.7
 508.700, 23.250, 86.110,   71.9
 509.200, 23.350, 86.110,   72.1
 509.700, 23.450, 86.110,   72.3
 510.200, 23.550, 86.110,   72.5
 510.700, 23.650, 86.110,   72.7
 511.200, 23.740, 86.110,   72.9
 511.700, 23.840, 86.110,   73.1
 512.100, 23.950, 86.110,   73.3
 512.600, 24.040, 86.110,   73.5
 513.100, 24.140, 86.110,   73.7
 513.600, 24.240, 86.110,   73.9
 514.000, 24.340, 86.110,   74.1
 514.500, 24.440, 86.110,   74.3
 515.000, 24.540, 86.110,   74.5
 515.400, 24.640, 86.110,   74.7
 515.900, 24.730, 86.110,   74.9
 516.400, 24.840, 86.110,   75.1
 516.800, 24.930, 86.110,   75.3
 517.300, 25.030, 86.110,   75.5
 517.800, 25.130, 86.110,   75.7
 518.200, 25.230, 86.110,   75.9
 518.700, 25.330, 86.110,   76.1
 519.200, 25.430, 86.110,   76.3
 519.600, 25.530, 86.110,   76.5
 520.100, 25.630, 86.110,   76.7
 520.500, 25.730, 86.110,   76.9
 521.000, 25.830, 86.110,   77.1
 521.400, 25.930, 86.110,   77.3
 521.800, 26.030, 86.110,   77.5
 522.300, 26.120, 86.110,   77.7
 522.800, 26.220, 86.110,   77.9
 523.200, 26.320, 86.110,   78.1
 523.700, 26.420, 86.110,   78.3
 524.100, 26.520, 86.110,   78.5
 524.500, 26.620, 86.110,   78.7
 524.900, 26.720, 86.110,   78.9
 525.400, 26.820, 86.110,   79.1
 525.800, 26.920, 86.110,   79.3
 526.200, 27.010, 86.110,   79.5
 526.700, 27.110, 86.110,   79.7
 527.100, 27.210, 86.110,   79.9
 527.600, 27.310, 86.110,   80.1
 528.000, 27.410, 86.110,   80.3
 528.400, 27.510, 86.130,   80.5
 528.800, 27.610, 86.130,   80.7
 529.300, 27.710, 86.110,   80.9
 529.700, 27.810, 86.110,   81.1
 530.100, 27.910, 86.110,   81.3
 530.500, 28.010, 86.110,   81.5
 530.900, 28.110, 86.110,   81.7
 531.300, 28.210, 86.110,   81.9
 531.800, 28.310, 86.110,   82.1
 532.200, 28.400, 86.110,   82.3
 532.600, 28.500, 86.110,   82.5
 533.000, 28.600, 86.110,   82.7
 533.400, 28.700, 86.110,   82.9
 533.800, 28.800, 86.110,   83.1
 534.300, 28.900, 86.110,   83.3
 534.700, 29.000, 86.110,   83.5
 535.000, 29.100, 86.130,   83.7
 535.500, 29.200, 86.130,   83.9
 535.900, 29.290, 86.110,   84.1
 536.200, 29.400, 86.110,   84.3
 536.600, 29.500, 86.110,   84.5
 537.000, 29.590, 86.130,   84.7
 537.400, 29.690, 86.130,   84.9
 537.800, 29.790, 86.130,   85.1
 538.200, 29.890, 86.130,   85.3
 538.600, 29.990, 86.130,   85.5
 539.100, 30.090, 86.130,   85.7
 539.400, 30.190, 86.130,   85.9
 539.800, 30.290, 86.130,   86.1
 540.200, 30.390, 86.130,   86.3
 540.600, 30.490, 86.130,   86.5
 541.000, 30.590, 86.130,   86.7
 541.400, 30.680, 86.130,   86.9
 541.800, 30.780, 86.130,   87.1
 542.200, 30.880, 86.130,   87.3
 542.500, 30.980, 86.130,   87.5
 542.900, 31.080, 86.130,   87.7
 543.300, 31.180, 86.130,   87.9
 543.700, 31.280, 86.130,   88.1
 544.000, 31.380, 86.130,   88.3
 544.400, 31.480, 86.130,   88.5
 544.800, 31.580, 86.130,   88.7
 545.200, 31.680, 86.130,   88.9
 545.600, 31.770, 86.130,   89.1
 545.900, 31.870, 86.130,   89.3
 546.400, 31.970, 86.130,   89.5
 546.700, 32.070, 86.130,   89.7
 547.100, 32.170, 86.130,   89.9
 547.500, 32.270, 86.130,   90.1
 547.800, 32.370, 86.130,   90.3
 548.200, 32.470, 86.130,   90.5
 548.600, 32.570, 86.130,   90.7
 548.900, 32.670, 86.130,   90.9
 549.300, 32.770, 86.130,   91.1
 549.700, 32.870, 86.130,   91.3
 550.000, 32.960, 86.130,   91.5
 550.400, 33.060, 86.130,   91.7
 550.800, 33.160, 86.130,   91.9
 551.100, 33.260, 86.130,   92.1
 551.500, 33.360, 86.130,   92.3
 551.800, 33.460, 86.130,   92.5
 552.200, 33.560, 86.130,   92.7
 552.600, 33.660, 86.130,   92.9
 552.900, 33.760, 86.130,   93.1
 553.300, 33.860, 86.130,   93.3
 553.600, 33.950, 86.130,   93.5
 554.000, 34.060, 86.130,   93.7
 554.400, 34.150, 86.130,   93.9
 554.800, 34.250, 86.130,   94.1
 555.100, 34.350, 86.130,   94.3
 555.400, 34.450, 86.130,   94.5
 555.800, 34.550, 86.130,   94.7
 556.100, 34.650, 86.130,   94.9
 556.500, 34.750, 86.130,   95.1
 556.900, 34.850, 86.130,   95.3
 557.200, 34.950, 86.130,   95.5
 557.500, 35.050, 86.130,   95.7
 557.900, 35.150, 86.130,   95.9
 558.300, 35.250, 86.130,   96.1
 558.600, 35.350, 86.130,   96.3
 558.900, 35.440, 86.130,   96.5
 559.300, 35.540, 86.130,   96.7
 559.600, 35.640, 86.130,   96.9
 560.000, 35.740, 86.130,   97.1
 560.300, 35.840, 86.130,   97.3
 560.700, 35.940, 86.130,   97.5
 561.000, 36.040, 86.130,   97.7
 561.300, 36.140, 86.130,   97.9
 561.700, 36.240, 86.130,   98.1
 562.000, 36.340, 86.130,   98.3
 562.400, 36.440, 86.130,   98.5
 562.700, 36.530, 86.130,   98.7
 563.000, 36.630, 86.130,   98.9
 563.400, 36.730, 86.130,   99.1
 563.700, 36.830, 86.130,   99.3
 564.000, 36.930, 86.130,   99.5
 564.400, 37.030, 86.130,   99.7
 564.700, 37.130, 86.130,   99.9
 565.100, 37.230, 86.130,  100.1
 565.400, 37.330, 86.130,  100.3
 565.700, 37.430, 86.130,  100.5
 566.000, 37.530, 86.130,  100.7
 566.400, 37.630, 86.130,  100.9
 566.700, 37.730, 86.130,  101.1
 567.000, 37.820, 86.130,  101.3
 567.400, 37.920, 86.130,  101.5
 567.700, 38.020, 86.130,  101.7
 568.000, 38.120, 86.130,  101.9
 568.300, 38.220, 86.130,  102.1
 568.700, 38.320, 86.130,  102.3
 569.000, 38.420, 86.130,  102.5
 569.300, 38.520, 86.130,  102.7
 569.700, 38.620, 86.130,  102.9
 570.000, 38.720, 86.130,  103.1
 570.300, 38.810, 86.130,  103.3
 570.600, 38.910, 86.130,  103.5
 570.900, 39.010, 86.130,  103.7
 571.300, 39.110, 86.130,  103.9
 571.600, 39.210, 86.130,  104.1
 571.900, 39.310, 86.130,  104.3
 572.200, 39.410, 86.130,  104.5
 572.600, 39.510, 86.130,  104.7
 572.900, 39.610, 86.130,  104.9
 573.200, 39.710, 86.130,  105.1
 573.500, 39.810, 86.130,  105.3
 573.800, 39.910, 86.130,  105.5
 574.200, 40.000, 86.130,  105.7
 574.500, 40.100, 86.130,  105.9
 574.800, 40.200, 86.160,  106.1
 575.100, 40.300, 86.160,  106.3
 575.400, 40.400, 86.160,  106.5
 575.700, 40.500, 86.130,  106.7
 576.000, 40.600, 86.130,  106.9
 576.400, 40.700, 86.160,  107.1
 576.600, 40.800, 86.160,  107.3
 577.000, 40.900, 86.160,  107.5
 577.300, 41.000, 86.160,  107.7
 577.600, 41.100, 86.160,  107.9
 577.900, 41.190, 86.160,  108.1
 578.200, 41.290, 86.160,  108.3
 578.500, 41.390, 86.160,  108.5
 578.800, 41.490, 86.160,  108.7
 579.100, 41.590, 86.160,  108.9
 579.400, 41.690, 86.160,  109.1
 579.700, 41.790, 86.160,  109.3
 580.100, 41.890, 86.160,  109.5
 580.400, 41.990, 86.160,  109.7
 580.700, 42.090, 86.160,  109.9
 580.900, 42.190, 86.160,  110.1
 581.300, 42.290, 86.160,  110.3
 581.600, 42.390, 86.160,  110.5
 581.900, 42.480, 86.160,  110.7
 582.200, 42.580, 86.160,  110.9
 582.500, 42.680, 86.160,  111.1
 582.800, 42.790, 86.160,  111.3
 583.100, 42.880, 86.160,  111.5
 583.300, 42.980, 86.160,  111.7
 583.600, 43.080, 86.160,  111.9
 584.000, 43.180, 86.160,  112.1
 584.300, 43.280, 86.160,  112.3
 584.500, 43.380, 86.160,  112.5
 584.900, 43.480, 86.160,  112.7
 585.200, 43.580, 86.160,  112.9
 585.500, 43.670, 86.160,  113.1
 585.700, 43.770, 86.160,  113.3
 586.100, 43.870, 86.160,  113.5
 586.300, 43.970, 86.160,  113.7
 586.600, 44.070, 86.160,  113.9
 586.900, 44.170, 86.160,  114.1
 587.200, 44.270, 86.160,  114.3
 587.500, 44.370, 86.160,  114.5
 587.800, 44.470, 86.160,  114.7
 588.100, 44.570, 86.160,  114.9
 588.400, 44.670, 86.160,  115.1
 588.700, 44.760, 86.160,  115.3
 589.000, 44.860, 86.160,  115.5
 589.200, 44.960, 86.160,  115.7
 589.600, 45.060, 86.160,  115.9
 589.900, 45.160, 86.160,  116.1
 590.200, 45.260, 86.160,  116.3
 590.500, 45.360, 86.160,  116.5
 590.800, 45.460, 86.160,  116.7
 591.100, 45.560, 86.160,  116.9
 591.300, 45.660, 86.160,  117.1
 591.600, 45.760, 86.160,  117.3
 591.900, 45.860, 86.160,  117.5
 592.200, 45.950, 86.160,  117.7
 592.500, 46.050, 86.160,  117.9
 592.800, 46.150, 86.160,  118.1
 593.000, 46.250, 86.160,  118.3
 593.300, 46.350, 86.160,  118.5
 593.600, 46.450, 86.160,  118.7
 593.900, 46.550, 86.160,  118.9
 594.200, 46.650, 86.160,  119.1
 594.400, 46.750, 86.160,  119.3
 594.700, 46.850, 86.160,  119.5
 595.000, 46.950, 86.160,  119.7
 595.300, 47.050, 86.160,  119.9
 595.500, 47.150, 86.160,  120.1
 595.800, 47.240, 86.160,  120.3
 596.100, 47.340, 86.160,  120.5
 596.400, 47.440, 86.160,  120.7
 596.700, 47.540, 86.160,  120.9
 597.000, 47.640, 86.160,  121.1
 597.200, 47.740, 86.160,  121.3
 597.500, 47.840, 86.160,  121.5
 597.800, 47.940, 86.160,  121.7
 598.100, 48.040, 86.160,  121.9
 598.300, 48.140, 86.160,  122.1
 598.600, 48.240, 86.160,  122.3
 598.900, 48.330, 86.160,  122.5
 599.200, 48.430, 86.160,  122.7
 599.400, 48.530, 86.160,  122.9
 599.700, 48.630, 86.160,  123.1
 600.000, 48.730, 86.160,  123.3
 600.300, 48.830, 86.160,  123.5
 600.500, 48.930, 86.160,  123.7
 600.800, 49.030, 86.160,  123.9
 601.100, 49.130, 86.160,  124.1
 601.400, 49.230, 86.180,  124.3
 601.600, 49.330, 86.180,  124.5
 601.900, 49.430, 86.180,  124.7
 602.200, 49.520, 86.180,  124.9
 602.400, 49.620, 86.180,  125.1
 602.700, 49.720, 86.180,  125.3
 603.000, 49.820, 86.180,  125.5
 603.300, 49.920, 86.180,  125.7
 603.500, 49.980, 86.180,  125.9
 603.500, 49.990, 86.180,  126.1
 603.500, 49.990, 86.180,  126.3
 603.600, 49.990, 86.180,  126.5
 603.600, 49.990, 86.180,  126.7
 603.600, 49.990, 86.180,  126.9
 603.700, 49.990, 86.180,  127.1
 603.700, 49.990, 86.180,  127.3
 603.700, 49.990, 86.180,  127.5
 603.700, 49.990, 86.180,  127.7
 603.700, 49.990, 86.180,  127.9
 603.700, 49.990, 86.180,  128.1
 603.700, 49.990, 86.180,  128.3
 603.800, 49.990, 86.180,  128.5
 603.800, 49.990, 86.180,  128.7
 603.800, 50.000, 86.180,  128.9
 603.800, 49.990, 86.180,  129.1
 603.900, 50.000, 86.180,  129.3
 603.900, 50.000, 86.180,  129.5
 603.900, 49.990, 86.180,  129.7
 603.900, 49.990, 86.180,  129.9
 603.900, 49.990, 86.180,  130.1
 603.800, 49.960, 86.180,  130.3
 603.600, 49.870, 86.180,  130.5
 603.400, 49.770, 86.180,  130.7
 603.100, 49.670, 86.180,  130.9
 602.900, 49.570, 86.180,  131.1
 602.700, 49.470, 86.180,  131.3
 602.500, 49.370, 86.180,  131.5
 602.200, 49.270, 86.180,  131.7
 602.000, 49.170, 86.180,  131.9
 601.700, 49.070, 86.180,  132.1
 601.500, 48.970, 86.180,  132.3
 601.200, 48.860, 86.180,  132.5
 600.900, 48.760, 86.180,  132.7
 600.700, 48.660, 86.180,  132.9
 600.400, 48.560, 86.180,  133.1
 600.100, 48.460, 86.180,  133.3
 599.900, 48.360, 86.180,  133.5
 599.600, 48.260, 86.180,  133.7
 599.300, 48.160, 86.180,  133.9
 599.100, 48.060, 86.180,  134.1
 598.800, 47.960, 86.180,  134.3
 598.500, 47.860, 86.180,  134.5
 598.300, 47.760, 86.180,  134.7
 598.000, 47.660, 86.180,  134.9
 597.700, 47.560, 86.180,  135.1
 597.400, 47.460, 86.180,  135.3
 597.200, 47.360, 86.180,  135.5
 596.900, 47.250, 86.180,  135.7
 596.600, 47.160, 86.180,  135.9
 596.300, 47.050, 86.180,  136.1
 596.000, 46.950, 86.180,  136.3
 595.800, 46.850, 86.180,  136.5
 595.500, 46.750, 86.180,  136.7
 595.200, 46.650, 86.180,  136.9
 594.900, 46.550, 86.180,  137.1
 594.600, 46.450, 86.180,  137.3
 594.300, 46.350, 86.200,  137.5
 594.100, 46.250, 86.200,  137.7
 593.800, 46.150, 86.200,  137.9
 593.500, 46.050, 86.180,  138.1
 593.200, 45.950, 86.180,  138.3
 592.900, 45.840, 86.180,  138.5
 592.600, 45.750, 86.180,  138.7
 592.300, 45.640, 86.180,  138.9
 592.000, 45.540, 86.200,  139.1
 591.800, 45.440, 86.200,  139.3
 591.500, 45.340, 86.200,  139.5
 591.200, 45.240, 86.200,  139.7
 590.900, 45.140, 86.200,  139.9
 590.600, 45.040, 86.200,  140.1
 590.300, 44.940, 86.200,  140.3
 590.000, 44.840, 86.200,  140.5
 589.700, 44.740, 86.200,  140.7
 589.400, 44.640, 86.200,  140.9
 589.100, 44.540, 86.200,  141.1
 588.800, 44.440, 86.200,  141.3
 588.500, 44.340, 86.200,  141.5
 588.300, 44.230, 86.200,  141.7
 588.000, 44.130, 86.200,  141.9
 587.700, 44.030, 86.200,  142.1
 587.400, 43.930, 86.200,  142.3
 587.100, 43.830, 86.200,  142.5
 586.700, 43.730, 86.200,  142.7
 586.500, 43.630, 86.200,  142.9
 586.200, 43.530, 86.200,  143.1
 585.900, 43.430, 86.200,  143.3
 585.600, 43.330, 86.200,  143.5
 585.300, 43.230, 86.200,  143.7
 585.000, 43.130, 86.200,  143.9
 584.700, 43.020, 86.200,  144.1
 584.400, 42.930, 86.200,  144.3
 584.100, 42.830, 86.200,  144.5
 583.800, 42.720, 86.200,  144.7
 583.500, 42.620, 86.200,  144.9
 583.200, 42.520, 86.200,  145.1
 582.800, 42.420, 86.200,  145.3
 582.500, 42.320, 86.200,  145.5
 582.200, 42.220, 86.200,  145.7
 581.900, 42.120, 86.200,  145.9
 581.600, 42.020, 86.200,  146.1
 581.300, 41.920, 86.200,  146.3
 581.000, 41.820, 86.200,  146.5
 580.700, 41.720, 86.200,  146.7
 580.400, 41.620, 86.200,  146.9
 580.100, 41.520, 86.200,  147.1
 579.800, 41.410, 86.200,  147.3
 579.500, 41.320, 86.200,  147.5
 579.100, 41.210, 86.200,  147.7
 578.800, 41.110, 86.200,  147.9
 578.500, 41.010, 86.200,  148.1
 578.200, 40.910, 86.200,  148.3
 577.900, 40.810, 86.200,  148.5
 577.600, 40.710, 86.200,  148.7
 577.200, 40.610, 86.200,  148.9
 576.900, 40.510, 86.200,  149.1
 576.600, 40.410, 86.200,  149.3
 576.300, 40.310, 86.200,  149.5
 576.000, 40.210, 86.200,  149.7
 575.700, 40.110, 86.200,  149.9
 575.400, 40.010, 86.200,  150.1
 575.000, 39.910, 86.200,  150.3
 574.700, 39.800, 86.200,  150.5
 574.400, 39.700, 86.200,  150.7
 574.100, 39.600, 86.200,  150.9
 573.800, 39.500, 86.200,  151.1
 573.400, 39.400, 86.200,  151.3
 573.100, 39.300, 86.200,  151.5
 572.800, 39.200, 86.200,  151.7
 572.500, 39.100, 86.200,  151.9
 572.100, 39.000, 86.200,  152.1
 571.800, 38.900, 86.200,  152.3
 571.500, 38.800, 86.200,  152.5
 571.100, 38.700, 86.200,  152.7
 570.800, 38.600, 86.200,  152.9
 570.500, 38.490, 86.200,  153.1
 570.200, 38.400, 86.200,  153.3
 569.800, 38.290, 86.200,  153.5
 569.500, 38.190, 86.200,  153.7
 569.200, 38.090, 86.200,  153.9
 568.800, 37.990, 86.200,  154.1
 568.500, 37.890, 86.200,  154.3
 568.200, 37.790, 86.200,  154.5
 567.800, 37.690, 86.200,  154.7
 567.500, 37.590, 86.200,  154.9
 567.200, 37.490, 86.200,  155.1
 566.800, 37.390, 86.200,  155.3
 566.500, 37.290, 86.200,  155.5
 566.200, 37.190, 86.200,  155.7
 565.800, 37.080, 86.200,  155.9
 565.500, 36.990, 86.200,  156.1
 565.100, 36.880, 86.200,  156.3
 564.800, 36.780, 86.200,  156.5
 564.500, 36.680, 86.200,  156.7
 564.100, 36.580, 86.200,  156.9
 563.800, 36.480, 86.200,  157.1
 563.400, 36.380, 86.200,  157.3
 563.100, 36.280, 86.200,  157.5
 562.700, 36.180, 86.200,  157.7
 562.400, 36.080, 86.200,  157.9
 562.100, 35.980, 86.200,  158.1
 561.700, 35.880, 86.200,  158.3
 561.400, 35.780, 86.200,  158.5
 561.100, 35.680, 86.200,  158.7
 560.700, 35.580, 86.200,  158.9
 560.300, 35.470, 86.200,  159.1
 560.000, 35.370, 86.200,  159.3
 559.600, 35.270, 86.200,  159.5
 559.600, 35.170, 86.200,  159.7
 559.400, 35.070, 86.200,  159.9
 559.100, 34.970, 86.200,  160.1
 558.700, 34.870, 86.200,  160.3
 558.400, 34.770, 86.200,  160.5
 558.000, 34.670, 86.200,  160.7
 557.700, 34.570, 86.200,  160.9
 557.300, 34.470, 86.200,  161.1
 556.900, 34.370, 86.200,  161.3
 556.600, 34.270, 86.200,  161.5
 556.200, 34.170, 86.200,  161.7
 555.900, 34.070, 86.200,  161.9
 555.500, 33.970, 86.200,  162.1
 555.200, 33.860, 86.200,  162.3
 554.800, 33.760, 86.200,  162.5
 554.400, 33.660, 86.200,  162.7
 554.100, 33.560, 86.200,  162.9
 553.700, 33.460, 86.200,  163.1
 553.300, 33.360, 86.200,  163.3
 553.000, 33.260, 86.200,  163.5
 552.600, 33.160, 86.200,  163.7
 552.200, 33.060, 86.200,  163.9
 551.900, 32.960, 86.200,  164.1
 551.500, 32.860, 86.200,  164.3
 551.100, 32.760, 86.200,  164.5
 550.700, 32.660, 86.200,  164.7
 550.400, 32.550, 86.200,  164.9
 550.000, 32.450, 86.200,  165.1
 549.600, 32.350, 86.200,  165.3
 549.200, 32.250, 86.200,  165.5
 548.800, 32.150, 86.200,  165.7
 548.500, 32.050, 86.200,  165.9
 548.100, 31.950, 86.200,  166.1
 547.700, 31.850, 86.200,  166.3
 547.300, 31.750, 86.200,  166.5
 546.900, 31.650, 86.200,  166.7
 546.600, 31.550, 86.200,  166.9
 546.200, 31.450, 86.200,  167.1
 545.800, 31.350, 86.200,  167.3
 545.400, 31.250, 86.200,  167.5
 545.000, 31.150, 86.200,  167.7
 544.600, 31.050, 86.200,  167.9
 544.200, 30.950, 86.200,  168.1
 543.900, 30.850, 86.200,  168.3
 543.500, 30.740, 86.200,  168.5
 543.000, 30.640, 86.200,  168.7
 542.700, 30.540, 86.200,  168.9
 542.300, 30.440, 86.200,  169.1
 541.900, 30.340, 86.200,  169.3
 541.500, 30.240, 86.200,  169.5
 541.100, 30.140, 86.200,  169.7
 540.700, 30.040, 86.200,  169.9
 540.300, 29.940, 86.200,  170.1
 539.900, 29.840, 86.200,  170.3
 539.500, 29.740, 86.200,  170.5
 539.100, 29.640, 86.200,  170.7
 538.700, 29.540, 86.200,  170.9
 538.300, 29.440, 86.200,  171.1
 537.900, 29.330, 86.200,  171.3
 537.400, 29.230, 86.200,  171.5
 537.000, 29.130, 86.200,  171.7
 536.600, 29.030, 86.200,  171.9
 536.200, 28.930, 86.200,  172.1
 535.800, 28.830, 86.200,  172.3
 535.400, 28.730, 86.200,  172.5
 535.000, 28.630, 86.200,  172.7
 534.600, 28.530, 86.200,  172.9
 534.200, 28.430, 86.200,  173.1
 533.700, 28.330, 86.200,  173.3
 533.300, 28.230, 86.200,  173.5
 532.900, 28.130, 86.200,  173.7
 532.500, 28.030, 86.200,  173.9
 532.000, 27.930, 86.200,  174.1
 531.600, 27.820, 86.200,  174.3
 531.200, 27.720, 86.200,  174.5
 530.800, 27.620, 86.200,  174.7
 530.300, 27.520, 86.200,  174.9
 529.900, 27.420, 86.200,  175.1
 529.400, 27.320, 86.200,  175.3
 529.000, 27.220, 86.200,  175.5
 528.600, 27.120, 86.200,  175.7
 528.200, 27.020, 86.200,  175.9
 527.700, 26.920, 86.200,  176.1
 527.300, 26.820, 86.200,  176.3
 526.800, 26.710, 86.200,  176.5
 526.400, 26.620, 86.200,  176.7
 526.000, 26.520, 86.200,  176.9
 525.500, 26.420, 86.200,  177.1
 525.000, 26.310, 86.200,  177.3
 524.600, 26.210, 86.200,  177.5
 524.200, 26.110, 86.200,  177.7
 523.700, 26.010, 86.200,  177.9
 523.300, 25.910, 86.200,  178.1
 522.800, 25.810, 86.200,  178.3
 522.300, 25.710, 86.200,  178.5
 521.900, 25.610, 86.200,  178.7
 521.400, 25.510, 86.200,  178.9
 521.000, 25.410, 86.200,  179.1
 520.500, 25.310, 86.200,  179.3
 520.100, 25.210, 86.200,  179.5
 519.600, 25.110, 86.200,  179.7
 519.100, 25.000, 86.200,  179.9
 518.600, 24.910, 86.200,  180.1
 518.200, 24.800, 86.200,  180.3
 517.700, 24.700, 86.200,  180.5
 517.200, 24.610, 86.200,  180.7
 516.700, 24.500, 86.200,  180.9
 516.300, 24.400, 86.200,  181.1
 515.800, 24.300, 86.200,  181.3
 515.300, 24.200, 86.200,  181.5
 514.800, 24.100, 86.200,  181.7
 514.300, 24.000, 86.200,  181.9
 513.800, 23.900, 86.200,  182.1
 513.300, 23.800, 86.200,  182.3
 512.800, 23.700, 86.200,  182.5
 512.300, 23.600, 86.200,  182.7
 511.800, 23.500, 86.200,  182.9
 511.300, 23.390, 86.200,  183.1
 510.800, 23.290, 86.200,  183.3
 510.300, 23.190, 86.200,  183.5
 509.800, 23.090, 86.200,  183.7
 509.300, 22.990, 86.200,  183.9
 508.800, 22.890, 86.200,  184.1
 508.300, 22.790, 86.200,  184.3
 507.800, 22.690, 86.200,  184.5
 507.200, 22.590, 86.200,  184.7
 506.700, 22.490, 86.200,  184.9
 506.200, 22.390, 86.200,  185.1
 505.700, 22.290, 86.200,  185.3
 505.100, 22.190, 86.200,  185.5
 504.600, 22.090, 86.200,  185.7
 504.100, 21.980, 86.200,  185.9
 503.600, 21.880, 86.200,  186.1
 503.000, 21.780, 86.200,  186.3
 502.500, 21.680, 86.200,  186.5
 502.000, 21.580, 86.200,  186.7
 501.400, 21.480, 86.200,  186.9
 500.900, 21.380, 86.200,  187.1
 500.300, 21.280, 86.200,  187.3
 499.800, 21.180, 86.200,  187.5
 499.200, 21.080, 86.200,  187.7
 498.700, 20.980, 86.200,  187.9
 498.100, 20.880, 86.200,  188.1
 497.500, 20.780, 86.200,  188.3
 497.000, 20.680, 86.200,  188.5
 496.400, 20.580, 86.200,  188.7
 495.900, 20.470, 86.200,  188.9
 495.300, 20.370, 86.200,  189.1
 494.700, 20.270, 86.200,  189.3
 494.200, 20.170, 86.200,  189.5
 493.600, 20.070, 86.200,  189.7
 493.000, 19.970, 86.200,  189.9
 492.400, 19.870, 86.200,  190.1
 491.800, 19.770, 86.200,  190.3
 491.200, 19.670, 86.200,  190.5
 490.700, 19.570, 86.200,  190.7
 490.100, 19.470, 86.180,  190.9
 489.500, 19.370, 86.180,  191.1
 488.800, 19.270, 86.180,  191.3
 488.200, 19.170, 86.180,  191.5
 487.700, 19.070, 86.180,  191.7
 487.000, 18.960, 86.180,  191.9
 486.400, 18.860, 86.180,  192.1
 485.800, 18.760, 86.180,  192.3
 485.200, 18.660, 86.180,  192.5
 484.600, 18.560, 86.180,  192.7
 483.900, 18.460, 86.180,  192.9
 483.300, 18.360, 86.200,  193.1
 482.600, 18.260, 86.200,  193.3
 482.000, 18.160, 86.180,  193.5
 481.400, 18.060, 86.180,  193.7
 480.700, 17.960, 86.180,  193.9
 480.100, 17.860, 86.180,  194.1
 479.400, 17.760, 86.180,  194.3
 478.700, 17.660, 86.180,  194.5
 478.100, 17.550, 86.180,  194.7
 477.400, 17.450, 86.180,  194.9
 476.700, 17.350, 86.180,  195.1
 476.100, 17.250, 86.180,  195.3
 475.400, 17.150, 86.180,  195.5
 474.700, 17.050, 86.180,  195.7
 474.000, 16.950, 86.180,  195.9
 473.300, 16.850, 86.180,  196.1
 472.600, 16.750, 86.180,  196.3
 471.900, 16.650, 86.180,  196.5
 471.200, 16.550, 86.180,  196.7
 470.500, 16.450, 86.180,  196.9
 469.800, 16.350, 86.180,  197.1
 469.100, 16.250, 86.180,  197.3
 468.400, 16.150, 86.180,  197.5
 467.700, 16.050, 86.180,  197.7
 467.000, 15.940, 86.180,  197.9
 466.200, 15.840, 86.180,  198.1
 465.500, 15.740, 86.180,  198.3
 464.800, 15.640, 86.180,  198.5
 464.000, 15.540, 86.180,  198.7
 463.200, 15.440, 86.180,  198.9
 462.500, 15.340, 86.180,  199.1
 461.700, 15.240, 86.180,  199.3
 461.000, 15.140, 86.180,  199.5
 460.200, 15.040, 86.180,  199.7
 459.400, 14.940, 86.180,  199.9
 458.600, 14.840, 86.180,  200.1
 457.800, 14.740, 86.180,  200.3
 457.000, 14.640, 86.180,  200.5
 456.200, 14.540, 86.180,  200.7
 455.300, 14.430, 86.180,  200.9
 454.500, 14.330, 86.180,  201.1
 453.700, 14.230, 86.180,  201.3
 452.900, 14.130, 86.180,  201.5
 452.000, 14.040, 86.180,  201.7
 451.200, 13.930, 86.180,  201.9
 450.300, 13.830, 86.180,  202.1
 449.400, 13.730, 86.180,  202.3
 448.600, 13.630, 86.180,  202.5
 447.700, 13.530, 86.180,  202.7
 446.800, 13.430, 86.180,  202.9
 445.900, 13.330, 86.180,  203.1
 445.000, 13.230, 86.180,  203.3
 444.100, 13.130, 86.180,  203.5
 443.200, 13.020, 86.180,  203.7
 442.300, 12.920, 86.180,  203.9
 441.400, 12.820, 86.180,  204.1
 440.500, 12.720, 86.180,  204.3
 439.500, 12.620, 86.180,  204.5
 438.500, 12.520, 86.180,  204.7
 437.600, 12.420, 86.180,  204.9
 436.600, 12.320, 86.180,  205.1
 435.700, 12.220, 86.180,  205.3
 434.700, 12.120, 86.180,  205.5
 433.800, 12.020, 86.180,  205.7
 432.700, 11.920, 86.180,  205.9
 431.700, 11.820, 86.180,  206.1
 430.700, 11.720, 86.180,  206.3
 429.700, 11.620, 86.180,  206.5
 428.600, 11.520, 86.180,  206.7
 427.500, 11.420, 86.180,  206.9
 426.500, 11.310, 86.180,  207.1
 425.400, 11.210, 86.180,  207.3
 424.300, 11.110, 86.180,  207.5
 423.200, 11.010, 86.180,  207.7
 422.100, 10.910, 86.180,  207.9
 421.000, 10.810, 86.180,  208.1
 419.800, 10.710, 86.180,  208.3
 418.700, 10.610, 86.180,  208.5
 417.500, 10.510, 86.180,  208.7
 416.300, 10.410, 86.180,  208.9
 415.100, 10.310, 86.180,  209.1
 413.900, 10.210, 86.180,  209.3
 412.700, 10.110, 86.180,  209.5
 411.500, 10.010, 86.180,  209.7
 410.200,  9.910, 86.180,  209.9
 409.000,  9.810, 86.180,  210.1
 407.800,  9.710, 86.180,  210.3
 406.500,  9.600, 86.180,  210.5
 405.200,  9.500, 86.160,  210.7
 403.900,  9.400, 86.160,  210.9
 402.600,  9.300, 86.180,  211.1
 401.200,  9.200, 86.180,  211.3
 399.800,  9.100, 86.180,  211.5
 398.500,  9.000, 86.160,  211.7
 397.100,  8.900, 86.160,  211.9
 395.600,  8.800, 86.160,  212.1
 394.200,  8.700, 86.160,  212.3
 392.800,  8.600, 86.160,  212.5
 391.300,  8.500, 86.160,  212.7
 389.800,  8.400, 86.160,  212.9
 388.300,  8.300, 86.160,  213.1
 386.700,  8.190, 86.160,  213.3
 385.200,  8.100, 86.160,  213.5
 383.600,  7.990, 86.160,  213.7
 382.000,  7.890, 86.160,  213.9
 380.400,  7.790, 86.160,  214.1
 378.700,  7.690, 86.160,  214.3
 377.100,  7.590, 86.160,  214.5
 375.400,  7.490, 86.160,  214.7
 373.600,  7.390, 86.160,  214.9
 371.800,  7.290, 86.160,  215.1
 370.100,  7.190, 86.160,  215.3
 368.300,  7.090, 86.160,  215.5
 366.400,  6.990, 86.160,  215.7
 364.500,  6.890, 86.160,  215.9
 362.600,  6.790, 86.160,  216.1
 360.600,  6.690, 86.160,  216.3
 358.600,  6.590, 86.160,  216.5
 356.600,  6.480, 86.160,  216.7
 354.600,  6.380, 86.160,  216.9
 352.400,  6.290, 86.160,  217.1
 350.300,  6.190, 86.160,  217.3
 348.000,  6.080, 86.160,  217.5
 345.800,  5.980, 86.160,  217.7
 343.500,  5.880, 86.160,  217.9
 341.100,  5.780, 86.160,  218.1
 338.600,  5.680, 86.160,  218.3
 336.100,  5.580, 86.160,  218.5
 333.500,  5.480, 86.160,  218.7
 330.900,  5.380, 86.160,  218.9
 328.100,  5.280, 86.160,  219.1
 325.300,  5.180, 86.160,  219.3
 322.400,  5.080, 86.160,  219.5
 319.300,  4.980, 86.160,  219.7
 316.200,  4.880, 86.160,  219.9
 312.900,  4.780, 86.160,  220.1
 309.500,  4.680, 86.160,  220.3
 305.900,  4.580, 86.160,  220.5
 302.100,  4.480, 86.160,  220.7
 298.100,  4.380, 86.160,  220.9
 294.000,  4.280, 86.160,  221.1
 289.500,  4.180, 86.160,  221.3
 284.600,  4.080, 86.160,  221.5
 279.400,  3.980, 86.160,  221.7
 273.700,  3.880, 86.160,  221.9
 267.000,  3.770, 86.160,  222.1
 259.400,  3.670, 86.160,  222.3
 249.400,  3.580, 86.160,  222.5
 105.500,  3.490, 86.160,  222.7
  11.600,  3.400, 86.160,  222.9
  11.200,  3.290, 86.160,  223.1
  10.800,  3.200, 86.160,  223.3
  10.400,  3.090, 86.160,  223.5
  10.000,  2.990, 86.160,  223.7
   9.600,  2.890, 86.160,  223.9
   9.300,  2.790, 86.130,  224.1
   8.900,  2.690, 86.130,  224.3
   8.500,  2.590, 86.160,  224.5
   8.100,  2.490, 86.160,  224.7
   7.700,  2.390, 86.160,  224.9
   7.400,  2.290, 86.160,  225.1
   7.000,  2.190, 86.160,  225.3
   6.600,  2.090, 86.160,  225.5
   6.300,  1.990, 86.130,  225.7
   5.900,  1.880, 86.130,  225.9
   5.600,  1.780, 86.130,  226.1
   5.200,  1.680, 86.130,  226.3
   4.800,  1.580, 86.130,  226.5
   4.500,  1.480, 86.130,  226.7
   4.100,  1.380, 86.130,  226.9
   3.800,  1.280, 86.130,  227.1
   3.500,  1.180, 86.130,  227.3
   3.100,  1.080, 86.130,  227.5
   2.800,  0.980, 86.130,  227.7
   2.400,  0.880, 86.130,  227.9
   2.100,  0.780, 86.130,  228.1
   1.800,  0.680, 86.130,  228.3
   1.400,  0.570, 86.130,  228.5
   1.100,  0.470, 86.130,  228.7
   0.800,  0.370, 86.130,  228.9
   0.500,  0.270, 86.130,  229.1
   0.100,  0.170, 86.130,  229.3
  -0.100,  0.080, 86.130,  229.5
  -0.200,  0.050, 86.130,  229.7
  -0.200,  0.050, 86.130,  229.9
  -0.200,  0.050, 86.130,  230.1
  -0.200,  0.050, 86.130,  230.3
  -0.100,  0.050, 86.130,  230.5
  -0.100,  0.050, 86.130,  230.7
  -0.200,  0.050, 86.130,  230.9
  -0.200,  0.050, 86.130,  231.1
  -0.200,  0.050, 86.130,  231.3
  -0.200,  0.050, 86.130,  231.5
  -0.200,  0.050, 86.130,  231.7
  -0.100,  0.050, 86.130,  231.9
  -0.100,  0.050, 86.130,  232.1
  -0.100,  0.050, 86.130,  232.3
  -0.200,  0.050, 86.130,  232.5
  -0.200,  0.050, 86.130,  232.7
  -0.100,  0.050, 86.130,  232.9
  -0.200,  0.050, 86.130,  233.1
  -0.200,  0.050, 86.130,  233.3
  -0.200,  0.050, 86.130,  233.5
  -0.200,  0.050, 86.130,  233.7
  -0.200,  0.050, 86.130,  233.9
  -0.200,  0.050, 86.130,  234.1
  -0.100,  0.050, 86.130,  234.3
  -0.100,  0.050, 86.130,  234.5
  -0.200,  0.050, 86.130,  234.7
  -0.100,  0.050, 86.130,  234.9
  -0.200,  0.050, 86.130,  235.1
  -0.100,  0.050, 86.130,  235.3
  -0.200,  0.050, 86.130,  235.5
  -0.100,  0.050, 86.130,  235.7
  -0.200,  0.050, 86.130,  235.9
  -0.200,  0.050, 86.130,  236.1
  -0.100,  0.050, 86.130,  236.3
  -0.200,  0.050, 86.130,  236.5
  -0.200,  0.050, 86.130,  236.7
  -0.100,  0.050, 86.130,  236.9
  -0.100,  0.050, 86.130,  237.1
  -0.200,  0.050, 86.130,  237.3
  -0.200,  0.050, 86.130,  237.5
  -0.100,  0.050, 86.130,  237.7
  -0.100,  0.050, 86.130,  237.9
  -0.200,  0.050, 86.130,  238.1
  -0.200,  0.050, 86.130,  238.3
  -0.200,  0.050, 86.130,  238.5
  -0.200,  0.050, 86.130,  238.7
  -0.200,  0.050, 86.130,  238.9
  -0.200,  0.050, 86.130,  239.1
  -0.200,  0.050, 86.130,  239.3
  -0.200,  0.050, 86.130,  239.5
  -0.200,  0.050, 86.130,  239.7
  -0.100,  0.060, 86.130,  239.9
   0.100,  0.150, 86.130,  240.1
   0.100,  0.150, 86.130,  240.3
   0.100,  0.140, 86.130,  240.5
   0.100,  0.150, 86.130,  240.7
   0.100,  0.150, 86.130,  240.9
   0.100,  0.150, 86.130,  241.1
   0.100,  0.150, 86.130,  241.3
   0.100,  0.150, 86.130,  241.5
   0.000,  0.150, 86.110,  241.7
   0.000,  0.150, 86.110,  241.9
   0.100,  0.150, 86.110,  242.1
   0.000,  0.150, 86.110,  242.3
   0.100,  0.150, 86.110,  242.5
   2.000,  0.670, 86.110,  242.7
   5.200,  1.620, 86.110,  242.9
   8.500,  2.550, 86.110,  243.1
  12.000,  3.440, 86.110,  243.3
  15.500,  4.290, 86.110,  243.5
  17.000,  4.660, 86.130,  243.7
  17.000,  4.660, 86.130,  243.9
  17.000,  4.660, 86.130,  244.1
  17.000,  4.660, 86.130,  244.3
  17.000,  4.660, 86.130,  244.5
  17.000,  4.660, 86.130,  244.7
  17.000,  4.660, 86.110,  244.9
  17.000,  4.660, 86.110,  245.1
  17.000,  4.660, 86.110,  245.3
  17.000,  4.660, 86.110,  245.5
  17.000,  4.660, 86.110,  245.7
  17.000,  4.660, 86.110,  245.9
  17.000,  4.660, 86.110,  246.1
  17.000,  4.660, 86.110,  246.3
  17.000,  4.660, 86.110,  246.5
  17.000,  4.660, 86.110,  246.7
  17.000,  4.660, 86.110,  246.9
  17.000,  4.660, 86.110,  247.1
  17.000,  4.660, 86.110,  247.3
  17.000,  4.660, 86.110,  247.5
  16.900,  4.660, 86.110,  247.7
  17.000,  4.660, 86.110,  247.9
  17.000,  4.660, 86.110,  248.1
  16.900,  4.660, 86.110,  248.3
  17.000,  4.670, 86.110,  248.5
  17.000,  4.660, 86.110,  248.7
  17.000,  4.660, 86.110,  248.9
  17.000,  4.660, 86.110,  249.1
  16.900,  4.660, 86.110,  249.3
  17.000,  4.660, 86.110,  249.5
  17.000,  4.660, 86.110,  249.7
  16.900,  4.660, 86.110,  249.9
  17.400,  4.730, 86.110,  250.1
  18.400,  4.970, 86.110,  250.3
  19.900,  5.280, 86.110,  250.5
  21.300,  5.580, 86.110,  250.7
  22.800,  5.870, 86.110,  250.9
  24.300,  6.160, 86.110,  251.1
  25.800,  6.440, 86.110,  251.3
  27.300,  6.710, 86.110,  251.5
  28.900,  6.970, 86.110,  251.7
  30.400,  7.230, 86.110,  251.9
  31.900,  7.480, 86.110,  252.1
  33.500,  7.720, 86.110,  252.3
  35.100,  7.950, 86.110,  252.5
  36.700,  8.170, 86.110,  252.7
  38.300,  8.390, 86.110,  252.9
  39.900,  8.600, 86.110,  253.1
  41.600,  8.790, 86.110,  253.3
  43.300,  8.980, 86.110,  253.5
  44.900,  9.160, 86.110,  253.7
  46.600,  9.330, 86.110,  253.9
  48.300,  9.480, 86.110,  254.1
  50.100,  9.630, 86.110,  254.3
  51.800,  9.770, 86.110,  254.5
  53.600,  9.890, 86.110,  254.7
  55.300, 10.010, 86.110,  254.9
  57.200, 10.110, 86.110,  255.1
  59.000, 10.200, 86.110,  255.3
  60.900, 10.290, 86.110,  255.5
  62.800, 10.350, 86.110,  255.7
  64.700, 10.370, 86.110,  255.9
  67.200, 10.250, 86.110,  256.1
  73.100,  9.060, 86.110,  256.3
  76.700,  8.070, 86.110,  256.5
  81.600,  7.820, 86.110,  256.7
  86.800,  7.180, 86.110,  256.9
  86.800,  6.670, 86.110,  257.1
  91.800,  6.580, 86.110,  257.3
  92.600,  6.540, 86.110,  257.5
  95.600,  6.520, 86.110,  257.7
  97.400,  6.520, 86.110,  257.9
  99.600,  6.480, 86.110,  258.1
 102.300,  6.390, 86.110,  258.3
 104.200,  6.320, 86.110,  258.5
 106.200,  6.290, 86.110,  258.7
 107.800,  6.260, 86.110,  258.9
 108.800,  6.260, 86.110,  259.1
 110.400,  6.270, 86.110,  259.3
 112.600,  6.300, 86.110,  259.5
 114.800,  6.330, 86.110,  259.7
 116.400,  6.360, 86.110,  259.9
 118.000,  6.390, 86.110,  260.1
 120.300,  6.420, 86.110,  260.3
 121.800,  6.430, 86.110,  260.5
 122.700,  6.440, 86.110,  260.7
 128.200,  6.460, 86.110,  260.9
 129.300,  6.460, 86.110,  261.1
 131.400,  6.460, 86.110,  261.3
 133.700,  6.470, 86.110,  261.5
 135.500,  6.500, 86.110,  261.7
 137.100,  6.530, 86.110,  261.9
 138.900,  6.560, 86.110,  262.1
 140.600,  6.600, 86.110,  262.3
 142.200,  6.630, 86.110,  262.5
 144.900,  6.650, 86.110,  262.7
 146.900,  6.660, 86.090,  262.9
 150.200,  6.660, 86.090,  263.1
 151.600,  6.660, 86.090,  263.3
 153.900,  6.650, 86.090,  263.5
 155.500,  6.650, 86.090,  263.7
 157.700,  6.650, 86.090,  263.9
 159.700,  6.660, 86.090,  264.1
 161.200,  6.680, 86.090,  264.3
 162.900,  6.710, 86.090,  264.5
 163.600,  6.740, 86.090,  264.7
 166.400,  6.770, 86.090,  264.9
 167.200,  6.800, 86.110,  265.1
 169.400,  6.830, 86.110,  265.3
 171.400,  6.860, 86.110,  265.5
 173.100,  6.890, 86.090,  265.7
 175.300,  6.910, 86.090,  265.9
 176.900,  6.920, 86.090,  266.1
 178.900,  6.930, 86.090,  266.3
 180.700,  6.930, 86.090,  266.5
 182.900,  6.930, 86.090,  266.7
 185.200,  6.920, 86.090,  266.9
 186.900,  6.880, 86.090,  267.1
 188.600,  6.870, 86.090,  267.3
 191.000,  6.870, 86.090,  267.5
 193.100,  6.890, 86.090,  267.7
 195.600,  6.920, 86.090,  267.9
 197.400,  6.950, 86.090,  268.1
 199.100,  6.980, 86.090,  268.3
 201.300,  7.010, 86.090,  268.5
 203.200,  7.040, 86.090,  268.7
 205.300,  7.080, 86.090,  268.9
 207.000,  7.110, 86.090,  269.1
 210.300,  7.150, 86.090,  269.3
 210.900,  7.170, 86.090,  269.5
 213.400,  7.190, 86.090,  269.7
 214.700,  7.200, 86.090,  269.9
 217.100,  7.200, 86.090,  270.1
 218.900,  7.180, 86.090,  270.3
 220.200,  7.130, 86.090,  270.5
 223.600,  7.060, 86.090,  270.7
 224.400,  6.980, 86.090,  270.9
 225.800,  6.920, 86.090,  271.1
 228.000,  6.910, 86.090,  271.3
 230.100,  6.930, 86.090,  271.5
 232.000,  6.940, 86.090,  271.7
 233.600,  6.960, 86.090,  271.9
 236.100,  6.190, 86.090,  272.1
 239.200,  4.860, 86.090,  272.3
 240.800,  4.100, 86.090,  272.5
 243.400,  3.770, 86.090,  272.7
 245.200,  3.790, 86.090,  272.9
 247.200,  3.810, 86.090,  273.1
 249.200,  3.570, 86.090,  273.3
 251.200,  3.590, 86.090,  273.5
 253.200,  3.610, 86.090,  273.7
 255.100,  3.630, 86.090,  273.9
 257.000,  3.650, 86.090,  274.1
 259.000,  3.680, 86.090,  274.3
 261.000,  3.700, 86.090,  274.5
 262.900,  3.720, 86.090,  274.7
 264.800,  3.750, 86.090,  274.9
 266.700,  3.780, 86.090,  275.1
 268.700,  3.810, 86.090,  275.3
 270.600,  3.840, 86.090,  275.5
 272.600,  3.870, 86.090,  275.7
 274.500,  3.900, 86.090,  275.9
 276.400,  3.930, 86.090,  276.1
 278.300,  3.970, 86.090,  276.3
 280.200,  4.000, 86.090,  276.5
 282.200,  4.040, 86.090,  276.7
 284.100,  4.080, 86.090,  276.9
 286.000,  4.120, 86.090,  277.1
 288.000,  4.160, 86.090,  277.3
 289.800,  4.200, 86.090,  277.5
 291.800,  4.240, 86.090,  277.7
 293.700,  4.290, 86.090,  277.9
 295.600,  4.330, 86.090,  278.1
 297.500,  4.380, 86.090,  278.3
 299.400,  4.420, 86.090,  278.5
 301.300,  4.480, 86.090,  278.7
 303.200,  4.520, 86.090,  278.9
 305.000,  4.580, 86.090,  279.1
 307.000,  4.630, 86.090,  279.3
 308.900,  4.680, 86.090,  279.5
 310.800,  4.740, 86.090,  279.7
 312.700,  4.790, 86.090,  279.9
 314.500,  4.850, 86.090,  280.1
 316.400,  4.910, 86.090,  280.3
 318.300,  4.970, 86.090,  280.5
 320.100,  5.030, 86.090,  280.7
 322.100,  5.100, 86.090,  280.9
 323.900,  5.160, 86.090,  281.1
 325.800,  5.230, 86.090,  281.3
 327.600,  5.290, 86.090,  281.5
 329.500,  5.360, 86.090,  281.7
 331.400,  5.430, 86.090,  281.9
 333.200,  5.500, 86.090,  282.1
 335.100,  5.580, 86.090,  282.3
 337.000,  5.650, 86.090,  282.5
 338.800,  5.730, 86.090,  282.7
 340.700,  5.800, 86.090,  282.9
 342.500,  5.880, 86.090,  283.1
 344.300,  5.960, 86.090,  283.3
 346.200,  6.040, 86.090,  283.5
 348.000,  6.130, 86.090,  283.7
 349.900,  6.210, 86.090,  283.9
 351.700,  6.300, 86.090,  284.1
 353.600,  6.380, 86.090,  284.3
 355.400,  6.470, 86.090,  284.5
 357.200,  6.560, 86.090,  284.7
 359.000,  6.660, 86.090,  284.9
 360.900,  6.750, 86.090,  285.1
 362.700,  6.850, 86.090,  285.3
 364.500,  6.940, 86.090,  285.5
 366.300,  7.040, 86.090,  285.7
 368.100,  7.140, 86.090,  285.9
 369.900,  7.240, 86.090,  286.1
 371.700,  7.350, 86.090,  286.3
 373.500,  7.450, 86.090,  286.5
 375.300,  7.550, 86.090,  286.7
 377.200,  7.660, 86.090,  286.9
 378.900,  7.770, 86.090,  287.1
 380.700,  7.880, 86.090,  287.3
 382.500,  8.000, 86.090,  287.5
 384.300,  8.110, 86.090,  287.7
 386.100,  8.230, 86.090,  287.9
 387.800,  8.350, 86.090,  288.1
 389.600,  8.470, 86.090,  288.3
 391.400,  8.590, 86.090,  288.5
 393.200,  8.710, 86.090,  288.7
 394.900,  8.840, 86.090,  288.9
 396.700,  8.960, 86.090,  289.1
 398.500,  9.090, 86.090,  289.3
 400.200,  9.230, 86.090,  289.5
 402.000,  9.350, 86.090,  289.7
 403.700,  9.490, 86.090,  289.9
 405.500,  9.620, 86.090,  290.1
 407.200,  9.760, 86.090,  290.3
 409.000,  9.900, 86.090,  290.5
 413.200, 10.240, 86.090,  290.7
 419.300, 10.790, 86.090,  290.9
 425.300, 11.350, 86.090,  291.1
 431.300, 11.940, 86.090,  291.3
 437.200, 12.560, 86.090,  291.5
 443.000, 13.210, 86.090,  291.7
 448.900, 13.880, 86.090,  291.9
 454.600, 14.590, 86.090,  292.1
 460.300, 15.340, 86.090,  292.3
 465.900, 16.120, 86.090,  292.5
 471.500, 16.930, 86.090,  292.7
 477.000, 17.770, 86.090,  292.9
 482.400, 18.650, 86.090,  293.1
 487.800, 19.560, 86.090,  293.3
 493.100, 20.510, 86.090,  293.5
 498.400, 21.490, 86.090,  293.7
 503.600, 22.510, 86.090,  293.9
 508.800, 23.560, 86.090,  294.1
 513.900, 24.650, 86.090,  294.3
 518.800, 25.740, 86.090,  294.5
 523.800, 26.910, 86.090,  294.7
 528.800, 28.100, 86.090,  294.9
 533.700, 29.310, 86.090,  295.1
 538.500, 30.550, 86.090,  295.3
 543.200, 31.820, 86.090,  295.5
 548.000, 33.130, 86.090,  295.7
 552.600, 34.450, 86.090,  295.9
 557.200, 35.800, 86.090,  296.1
 561.800, 37.190, 86.090,  296.3
 563.700, 37.780, 86.090,  296.5
 563.800, 37.700, 86.090,  296.7
 564.000, 37.650, 86.090,  296.9
 564.000, 37.600, 86.090,  297.1
 564.100, 37.560, 86.090,  297.3
 564.200, 37.510, 86.090,  297.5
 564.300, 37.470, 86.090,  297.7
 564.300, 37.440, 86.090,  297.9
 564.400, 37.410, 86.090,  298.1
 564.400, 37.380, 86.090,  298.3
 564.400, 37.360, 86.090,  298.5
 564.500, 37.330, 86.090,  298.7
 564.500, 37.310, 86.090,  298.9
 564.600, 37.290, 86.090,  299.1
 564.600, 37.260, 86.090,  299.3
 564.600, 37.240, 86.090,  299.5
 564.700, 37.220, 86.090,  299.7
 564.700, 37.210, 86.090,  299.9
 564.700, 37.190, 86.090,  300.1
 564.800, 37.170, 86.090,  300.3
 564.800, 37.160, 86.090,  300.5
 564.800, 37.150, 86.090,  300.7
 564.800, 37.130, 86.090,  300.9
 564.800, 37.120, 86.090,  301.1
 564.900, 37.110, 86.090,  301.3
 564.900, 37.100, 86.090,  301.5
 564.900, 37.090, 86.090,  301.7
 564.900, 37.080, 86.090,  301.9
 564.900, 37.070, 86.090,  302.1
 565.000, 37.060, 86.090,  302.3
 564.300, 36.830, 86.090,  302.5
 562.600, 36.310, 86.090,  302.7
 560.700, 35.660, 86.090,  302.9
 558.800, 35.040, 86.090,  303.1
 556.800, 34.430, 86.090,  303.3
 554.800, 33.830, 86.090,  303.5
 552.800, 33.250, 86.090,  303.7
 550.900, 32.670, 86.090,  303.9
 548.800, 32.080, 86.090,  304.1
 546.800, 31.520, 86.090,  304.3
 544.800, 30.950, 86.090,  304.5
 542.700, 30.410, 86.090,  304.7
 540.700, 29.860, 86.090,  304.9
 538.600, 29.310, 86.090,  305.1
 536.500, 28.780, 86.090,  305.3
 534.400, 28.260, 86.090,  305.5
 532.300, 27.740, 86.090,  305.7
 530.200, 27.220, 86.090,  305.9
 528.000, 26.730, 86.090,  306.1
 525.900, 26.220, 86.090,  306.3
 523.700, 25.730, 86.090,  306.5
 521.600, 25.250, 86.090,  306.7
 519.400, 24.770, 86.090,  306.9
 517.200, 24.300, 86.090,  307.1
 515.000, 23.830, 86.090,  307.3
 512.800, 23.370, 86.090,  307.5
 510.600, 22.920, 86.090,  307.7
 508.300, 22.470, 86.090,  307.9
 506.100, 22.030, 86.090,  308.1
 503.800, 21.600, 86.090,  308.3
 501.500, 21.180, 86.090,  308.5
 499.300, 20.760, 86.090,  308.7
 496.900, 20.340, 86.110,  308.9
 494.600, 19.940, 86.110,  309.1
 492.300, 19.540, 86.090,  309.3
 490.000, 19.140, 86.090,  309.5
 487.700, 18.770, 86.090,  309.7
 485.300, 18.370, 86.110,  309.9
 482.900, 18.000, 86.110,  310.1
 480.500, 17.640, 86.110,  310.3
 478.200, 17.270, 86.110,  310.5
 475.800, 16.920, 86.110,  310.7
 473.300, 16.570, 86.110,  310.9
 470.900, 16.230, 86.110,  311.1
 468.500, 15.890, 86.110,  311.3
 466.100, 15.570, 86.110,  311.5
 463.600, 15.240, 86.110,  311.7
 461.100, 14.920, 86.110,  311.9
 458.700, 14.610, 86.110,  312.1
 456.200, 14.310, 86.110,  312.3
 453.700, 14.010, 86.110,  312.5
 451.200, 13.710, 86.110,  312.7
 448.600, 13.420, 86.110,  312.9
 446.200, 13.140, 86.110,  313.1
 443.600, 12.870, 86.110,  313.3
 441.100, 12.590, 86.110,  313.5
 438.600, 12.330, 86.110,  313.7
 435.900, 12.070, 86.110,  313.9
 433.400, 11.810, 86.110,  314.1
 430.800, 11.560, 86.110,  314.3
 428.200, 11.320, 86.110,  314.5
 425.600, 11.080, 86.110,  314.7
 423.000, 10.840, 86.110,  314.9
 420.400, 10.610, 86.110,  315.1
 417.800, 10.390, 86.110,  315.3
 415.100, 10.170, 86.110,  315.5
 412.500,  9.950, 86.110,  315.7
 409.800,  9.750, 86.110,  315.9
 407.200,  9.540, 86.110,  316.1
 404.500,  9.340, 86.110,  316.3
 401.800,  9.140, 86.110,  316.5
 399.200,  8.940, 86.110,  316.7
 396.400,  8.750, 86.110,  316.9
 393.800,  8.570, 86.110,  317.1
 391.100,  8.390, 86.110,  317.3
 388.400,  8.210, 86.110,  317.5
 385.600,  8.040, 86.110,  317.7
 382.900,  7.870, 86.110,  317.9
 380.200,  7.700, 86.110,  318.1
 377.400,  7.540, 86.110,  318.3
 374.700,  7.380, 86.110,  318.5
 372.000,  7.220, 86.110,  318.7
 369.200,  7.070, 86.110,  318.9
 366.500,  6.920, 86.110,  319.1
 363.700,  6.780, 86.110,  319.3
 360.900,  6.640, 86.110,  319.5
 358.100,  6.500, 86.110,  319.7
 355.400,  6.350, 86.110,  319.9
 352.600,  6.220, 86.110,  320.1
 349.800,  6.090, 86.110,  320.3
 347.000,  5.970, 86.110,  320.5
 344.200,  5.850, 86.110,  320.7
 341.400,  5.730, 86.110,  320.9
 338.600,  5.610, 86.090,  321.1
 335.700,  5.500, 86.090,  321.3
 332.900,  5.400, 86.090,  321.5
 330.000,  5.290, 86.090,  321.7
 327.200,  5.190, 86.090,  321.9
 324.300,  5.090, 86.090,  322.1
 321.500,  5.000, 86.090,  322.3
 318.600,  4.910, 86.090,  322.5
 315.700,  4.820, 86.090,  322.7
 312.900,  4.730, 86.090,  322.9
 310.000,  4.650, 86.090,  323.1
 307.100,  4.570, 86.090,  323.3
 304.300,  4.490, 86.090,  323.5
 301.300,  4.410, 86.090,  323.7
 298.500,  4.340, 86.090,  323.9
 295.500,  4.270, 86.090,  324.1
 292.700,  4.210, 86.090,  324.3
 289.800,  4.140, 86.090,  324.5
 286.800,  4.080, 86.090,  324.7
 283.900,  4.020, 86.090,  324.9
 281.000,  3.970, 86.090,  325.1
 278.100,  3.920, 86.090,  325.3
 275.200,  3.870, 86.090,  325.5
 272.200,  3.820, 86.090,  325.7
 269.300,  3.780, 86.090,  325.9
 266.300,  3.730, 86.090,  326.1
 263.400,  3.690, 86.090,  326.3
 260.400,  3.660, 86.090,  326.5
 257.500,  3.620, 86.090,  326.7
 254.500,  3.590, 86.090,  326.9
 251.500,  3.560, 86.090,  327.1
 248.600,  3.540, 86.090,  327.3
 245.300,  3.840, 86.090,  327.5
 242.400,  3.820, 86.090,  327.7
 238.600,  5.550, 86.090,  327.9
 235.000,  6.170, 86.090,  328.1
 232.000,  6.950, 86.090,  328.3
 228.600,  6.930, 86.090,  328.5
 226.000,  6.960, 86.090,  328.7
 223.700,  7.070, 86.090,  328.9
 220.800,  7.160, 86.090,  329.1
 217.800,  7.200, 86.090,  329.3
 214.700,  7.200, 86.090,  329.5
 211.500,  7.170, 86.090,  329.7
 208.900,  7.130, 86.090,  329.9
 206.100,  7.080, 86.090,  330.1
 203.200,  7.030, 86.090,  330.3
 200.700,  6.970, 86.090,  330.5
 197.300,  6.930, 86.090,  330.7
 194.300,  6.890, 86.090,  330.9
 190.500,  6.860, 86.090,  331.1
 187.300,  6.890, 86.090,  331.3
 184.900,  6.920, 86.090,  331.5
 180.700,  6.930, 86.090,  331.7
 178.600,  6.920, 86.090,  331.9
 176.900,  6.890, 86.090,  332.1
 172.300,  6.860, 86.090,  332.3
 170.800,  6.820, 86.090,  332.5
 167.600,  6.770, 86.090,  332.7
 165.500,  6.720, 86.090,  332.9
 162.700,  6.680, 86.090,  333.1
 159.600,  6.640, 86.090,  333.3
 157.200,  6.630, 86.090,  333.5
 153.500,  6.630, 86.090,  333.7
 150.400,  6.640, 86.090,  333.9
 147.000,  6.640, 86.090,  334.1
 144.400,  6.620, 86.090,  334.3
 140.600,  6.560, 86.090,  334.5
 136.800,  6.520, 86.090,  334.7
 134.500,  6.470, 86.090,  334.9
 132.400,  6.440, 86.090,  335.1
 129.600,  6.430, 86.090,  335.3
 125.100,  6.420, 86.090,  335.5
 122.500,  6.400, 86.090,  335.7
 118.800,  6.360, 86.090,  335.9
 116.500,  6.320, 86.090,  336.1
 112.800,  6.270, 86.090,  336.3
 111.500,  6.230, 86.090,  336.5
 107.300,  6.230, 86.090,  336.7
 105.500,  6.240, 86.090,  336.9
 103.400,  6.330, 86.090,  337.1
 100.200,  6.440, 86.090,  337.3
  95.400,  6.490, 86.090,  337.5
  93.400,  6.510, 86.090,  337.7
  88.800,  6.600, 86.090,  337.9
  83.700,  7.350, 86.090,  338.1
  77.800,  8.020, 86.060,  338.3
  71.900,  9.300, 86.060,  338.5
  64.800, 10.370, 86.090,  338.7
  61.700, 10.320, 86.090,  338.9
  59.100, 10.220, 86.090,  339.1
  56.200, 10.070, 86.090,  339.3
  53.500,  9.900, 86.090,  339.5
  50.800,  9.710, 86.090,  339.7
  48.200,  9.490, 86.060,  339.9
  45.600,  9.250, 86.060,  340.1
  43.000,  8.980, 86.060,  340.3
  40.500,  8.690, 86.060,  340.5
  38.000,  8.380, 86.060,  340.7
  35.600,  8.050, 86.060,  340.9
  33.200,  7.700, 86.060,  341.1
  30.800,  7.330, 86.060,  341.3
  28.500,  6.950, 86.060,  341.5
  26.200,  6.540, 86.060,  341.7
  23.900,  6.110, 86.090,  341.9
  21.600,  5.670, 86.090,  342.1
  19.400,  5.210, 86.090,  342.3
  17.200,  4.740, 86.060,  342.5
  15.100,  4.250, 86.060,  342.7
  12.900,  3.740, 86.060,  342.9
  10.800,  3.220, 86.060,  343.1
   8.800,  2.680, 86.060,  343.3
   6.700,  2.130, 86.060,  343.5
   4.700,  1.560, 86.060,  343.7
   2.700,  0.980, 86.060,  343.9
   0.800,  0.400, 86.060,  344.1
   0.100,  0.150, 86.060,  344.3
   0.100,  0.150, 86.060,  344.5
   0.100,  0.150, 86.060,  344.7
   0.100,  0.150, 86.060,  344.9
   0.100,  0.150, 86.060,  345.1
   0.100,  0.150, 86.060,  345.3
   0.100,  0.150, 86.060,  345.5
   0.000,  0.140, 86.060,  345.7
   0.100,  0.150, 86.060,  345.9
   0.100,  0.150, 86.060,  346.1
   0.100,  0.150, 86.060,  346.3
   0.100,  0.150, 86.060,  346.5
   0.100,  0.150, 86.060,  346.7
