   0.000,  0.160,130.260,  362.7
   0.000,  0.160,130.260,  362.9
   0.000,  0.160,130.260,  363.1
   0.000,  0.160,130.260,  363.3
   0.000,  0.160,130.260,  363.5
   0.000,  0.160,130.260,  363.7
   0.000,  0.160,130.260,  363.9
   0.000,  0.160,130.260,  364.1
   0.000,  0.160,130.260,  364.3
   0.000,  0.160,130.260,  364.5
   0.000,  0.160,130.260,  364.7
   0.000,  0.160,130.260,  364.9
   0.000,  0.160,130.260,  365.1
   0.000,  0.160,130.260,  365.3
   0.000,  0.160,130.260,  365.5
   0.000,  0.160,130.260,  365.7
   0.300,  0.280,130.260,  365.9
   1.700,  0.730,130.260,  366.1
   3.600,  1.350,130.260,  366.3
   5.500,  1.960,130.260,  366.5
   7.400,  2.560,130.260,  366.7
   9.400,  3.140,130.260,  366.9
  11.400,  3.710,130.260,  367.1
  13.400,  4.250,130.260,  367.3
  15.500,  4.790,130.260,  367.5
  17.500,  5.310,130.260,  367.7
  19.600,  5.810,130.260,  367.9
  21.700,  6.290,130.260,  368.1
  23.900,  6.760,130.260,  368.3
  26.100,  7.210,130.260,  368.5
  28.300,  7.640,130.260,  368.7
  30.600,  8.050,130.260,  368.9
  32.900,  8.430,130.260,  369.1
  35.200,  8.800,130.260,  369.3
  37.800,  9.150,130.260,  369.5
  40.000,  9.470,130.260,  369.7
  42.500,  9.770,130.260,  369.9
  45.000, 10.050,130.260,  370.1
  47.600, 10.300,130.260,  370.3
  50.200, 10.520,130.260,  370.5
  52.800, 10.720,130.260,  370.7
  55.500, 10.880,130.260,  370.9
  58.200, 11.000,130.260,  371.1
  61.800, 11.030,130.260,  371.3
  74.700,  8.680,130.260,  371.5
  77.200,  6.690,130.260,  371.7
  84.100,  6.470,130.260,  371.9
  93.700,  6.480,130.260,  372.1
  89.800,  6.400,130.260,  372.3
  93.400,  6.120,130.260,  372.5
 100.700,  5.280,130.260,  372.7
 105.800,  4.700,130.260,  372.9
 109.700,  4.560,130.260,  373.1
 110.000,  4.490,130.260,  373.3
 115.600,  4.470,130.260,  373.5
 116.600,  4.420,130.260,  373.7
 121.400,  4.410,130.260,  373.9
 125.300,  4.420,130.260,  374.1
 127.800,  4.430,130.260,  374.3
 129.400,  4.430,130.260,  374.5
 134.400,  4.430,130.260,  374.7
 136.300,  4.450,130.260,  374.9
 143.200,  4.500,130.260,  375.1
 140.400,  4.540,130.260,  375.3
 147.400,  4.600,130.260,  375.5
 151.600,  4.660,130.260,  375.7
 155.200,  4.690,130.260,  375.9
 157.400,  4.710,130.260,  376.1
 160.000,  4.730,130.260,  376.3
 159.800,  4.780,130.260,  376.5
 167.600,  4.820,130.260,  376.7
 168.800,  4.880,130.260,  376.9
 171.800,  4.930,130.260,  377.1
 173.600,  4.990,130.260,  377.3
 179.200,  5.040,130.260,  377.5
 180.100,  5.080,130.260,  377.7
 183.000,  5.100,130.260,  377.9
 186.400,  5.120,130.260,  378.1
 190.100,  5.140,130.260,  378.3
 191.300,  5.170,130.260,  378.5
 194.100,  5.210,130.260,  378.7
 196.100,  5.260,130.260,  378.9
 198.800,  5.330,130.260,  379.1
 204.200,  5.390,130.260,  379.3
 206.300,  5.460,130.230,  379.5
 207.000,  5.530,130.230,  379.7
 212.400,  5.600,130.260,  379.9
 214.900,  5.650,130.260,  380.1
 218.800,  5.700,130.260,  380.3
 221.000,  5.720,130.260,  380.5
 224.500,  5.730,130.260,  380.7
 227.000,  5.760,130.260,  380.9
 231.700,  5.790,130.260,  381.1
 233.600,  5.840,130.260,  381.3
 237.300,  5.900,130.260,  381.5
 239.700,  5.960,130.260,  381.7
 242.200,  6.030,130.260,  381.9
 243.500,  6.100,130.230,  382.1
 245.200,  6.170,130.230,  382.3
 249.600,  6.240,130.230,  382.5
 252.400,  6.300,130.260,  382.7
 253.900,  6.360,130.260,  382.9
 257.300,  6.410,130.230,  383.1
 260.900,  6.430,130.230,  383.3
 263.900,  6.440,130.230,  383.5
 266.500,  6.420,130.230,  383.7
 268.700,  6.390,130.230,  383.9
 272.500,  6.380,130.230,  384.1
 275.200,  6.390,130.230,  384.3
 279.500,  6.430,130.230,  384.5
 282.600,  6.480,130.230,  384.7
 284.500,  6.540,130.230,  384.9
 289.000,  6.610,130.230,  385.1
 290.500,  6.670,130.260,  385.3
 293.400,  6.750,130.260,  385.5
 297.700,  6.810,130.260,  385.7
 299.700,  6.870,130.260,  385.9
 302.800,  6.910,130.260,  386.1
 305.200,  6.930,130.230,  386.3
 307.100,  6.920,130.230,  386.5
 310.600,  6.880,130.230,  386.7
 313.200,  6.800,130.230,  386.9
 315.100,  6.700,130.230,  387.1
 317.000,  6.600,130.230,  387.3
 320.100,  6.550,130.230,  387.5
 323.100,  6.540,130.230,  387.7
 325.300,  6.550,130.230,  387.9
 328.100,  6.580,130.230,  388.1
 331.300,  2.150,130.230,  388.3
 334.500,  1.470,130.230,  388.5
 337.400,  1.490,130.230,  388.7
 340.400,  1.510,130.230,  388.9
 343.300,  1.520,130.230,  389.1
 346.300,  1.550,130.230,  389.3
 349.200,  1.570,130.230,  389.5
 352.200,  1.590,130.230,  389.7
 355.100,  1.620,130.230,  389.9
 358.000,  1.640,130.230,  390.1
 361.000,  1.680,130.230,  390.3
 363.900,  1.710,130.230,  390.5
 366.800,  1.740,130.230,  390.7
 369.800,  1.770,130.230,  390.9
 372.600,  1.810,130.230,  391.1
 375.600,  1.850,130.230,  391.3
 378.500,  1.890,130.230,  391.5
 381.400,  1.930,130.230,  391.7
 384.300,  1.970,130.230,  391.9
 387.200,  2.020,130.230,  392.1
 390.100,  2.070,130.230,  392.3
 393.000,  2.120,130.230,  392.5
 395.900,  2.170,130.230,  392.7
 398.700,  2.220,130.230,  392.9
 401.600,  2.280,130.230,  393.1
 404.500,  2.340,130.260,  393.3
 407.400,  2.400,130.260,  393.5
 410.200,  2.470,130.260,  393.7
 413.200,  2.530,130.230,  393.9
 416.000,  2.600,130.230,  394.1
 418.900,  2.670,130.230,  394.3
 421.700,  2.750,130.230,  394.5
 424.500,  2.820,130.230,  394.7
 427.400,  2.910,130.230,  394.9
 430.100,  2.990,130.230,  395.1
 433.100,  3.080,130.230,  395.3
 435.900,  3.170,130.230,  395.5
 438.700,  3.260,130.230,  395.7
 441.500,  3.350,130.230,  395.9
 444.300,  3.450,130.230,  396.1
 447.100,  3.550,130.230,  396.3
 449.900,  3.660,130.230,  396.5
 452.700,  3.760,130.230,  396.7
 455.500,  3.880,130.230,  396.9
 458.200,  3.990,130.230,  397.1
 461.100,  4.110,130.230,  397.3
 463.800,  4.230,130.260,  397.5
 466.600,  4.360,130.260,  397.7
 469.300,  4.490,130.260,  397.9
 472.000,  4.620,130.230,  398.1
 474.700,  4.760,130.230,  398.3
 477.500,  4.900,130.230,  398.5
 480.200,  5.050,130.230,  398.7
 482.900,  5.210,130.230,  398.9
 485.600,  5.360,130.230,  399.1
 488.300,  5.520,130.230,  399.3
 491.000,  5.680,130.230,  399.5
 493.700,  5.860,130.230,  399.7
 496.400,  6.040,130.230,  399.9
 499.100,  6.220,130.230,  400.1
 501.700,  6.400,130.230,  400.3
 504.300,  6.600,130.230,  400.5
 507.000,  6.790,130.230,  400.7
 509.600,  7.000,130.230,  400.9
 512.200,  7.210,130.230,  401.1
 514.800,  7.420,130.230,  401.3
 517.400,  7.650,130.230,  401.5
 520.000,  7.870,130.230,  401.7
 522.500,  8.110,130.230,  401.9
 525.100,  8.360,130.230,  402.1
 527.700,  8.600,130.230,  402.3
 530.100,  8.860,130.230,  402.5
 532.700,  9.120,130.230,  402.7
 535.200,  9.390,130.260,  402.9
 537.700,  9.660,130.260,  403.1
 540.200,  9.950,130.260,  403.3
 542.700, 10.240,130.230,  403.5
 545.100, 10.540,130.230,  403.7
 547.500, 10.840,130.230,  403.9
 550.000, 11.160,130.230,  404.1
 552.400, 11.480,130.230,  404.3
 554.800, 11.810,130.260,  404.5
 557.200, 12.140,130.260,  404.7
 559.500, 12.490,130.260,  404.9
 561.900, 12.840,130.230,  405.1
 564.200, 13.210,130.230,  405.3
 566.500, 13.570,130.260,  405.5
 568.900, 13.950,130.260,  405.7
 571.200, 14.340,130.260,  405.9
 573.400, 14.730,130.260,  406.1
 575.700, 15.130,130.260,  406.3
 578.000, 15.540,130.260,  406.5
 580.200, 15.950,130.230,  406.7
 582.500, 16.370,130.230,  406.9
 584.700, 16.800,130.260,  407.1
 586.900, 17.230,130.260,  407.3
 589.100, 17.680,130.260,  407.5
 591.300, 18.130,130.230,  407.7
 593.500, 18.600,130.230,  407.9
 595.600, 19.070,130.230,  408.1
 597.800, 19.550,130.260,  408.3
 599.900, 20.030,130.260,  408.5
 602.000, 20.530,130.260,  408.7
 604.100, 21.030,130.260,  408.9
 606.100, 21.560,130.260,  409.1
 608.200, 22.060,130.260,  409.3
 610.300, 22.580,130.260,  409.5
 612.300, 23.100,130.260,  409.7
 614.400, 23.630,130.260,  409.9
 616.400, 24.180,130.260,  410.1
 618.400, 24.740,130.260,  410.3
 620.400, 25.290,130.260,  410.5
 622.400, 25.850,130.260,  410.7
 624.300, 26.430,130.260,  410.9
 626.300, 27.010,130.260,  411.1
 628.200, 27.610,130.260,  411.3
 630.100, 28.220,130.260,  411.5
 632.000, 28.850,130.260,  411.7
 633.800, 29.450,130.260,  411.9
 635.800, 30.130,130.260,  412.1
 637.600, 30.760,130.260,  412.3
 639.400, 31.420,130.260,  412.5
 641.100, 32.110,130.260,  412.7
 642.900, 32.800,130.260,  412.9
 644.600, 33.520,130.260,  413.1
 646.300, 34.240,130.260,  413.3
 648.000, 34.970,130.260,  413.5
 649.700, 35.730,130.260,  413.7
 651.300, 36.500,130.260,  413.9
 652.900, 37.290,130.260,  414.1
 654.400, 38.100,130.260,  414.3
 655.900, 38.930,130.260,  414.5
 657.400, 39.790,130.260,  414.7
 658.800, 40.660,130.260,  414.9
 660.300, 41.530,130.260,  415.1
 661.700, 42.450,130.260,  415.3
 663.000, 43.380,130.260,  415.5
 664.300, 44.330,130.260,  415.7
 665.500, 45.300,130.260,  415.9
 666.800, 46.290,130.260,  416.1
 668.000, 47.290,130.260,  416.3
 669.200, 48.320,130.260,  416.5
 670.300, 49.380,130.260,  416.7
 671.400, 50.440,130.260,  416.9
 672.500, 51.540,130.260,  417.1
 673.500, 52.630,130.260,  417.3
 674.500, 53.730,130.260,  417.5
 675.500, 54.880,130.260,  417.7
 676.500, 56.040,130.260,  417.9
 677.300, 57.200,130.260,  418.1
 678.300, 58.370,130.260,  418.3
 679.200, 59.580,130.260,  418.5
 680.000, 60.790,130.260,  418.7
 680.800, 62.030,130.260,  418.9
 681.600, 63.270,130.260,  419.1
 682.300, 64.520,130.260,  419.3
 683.100, 65.790,130.260,  419.5
 683.800, 67.070,130.260,  419.7
 684.600, 68.350,130.260,  419.9
 685.200, 69.650,130.260,  420.1
 685.900, 70.960,130.260,  420.3
 686.600, 72.270,130.260,  420.5
 687.200, 73.600,130.260,  420.7
 687.900, 74.940,130.260,  420.9
 688.400, 76.300,130.260,  421.1
 689.000, 77.660,130.260,  421.3
 689.600, 79.020,130.260,  421.5
 690.100, 80.400,130.260,  421.7
 690.700, 81.790,130.260,  421.9
 691.200, 83.190,130.260,  422.1
 691.700, 84.590,130.260,  422.3
 692.300, 85.990,130.260,  422.5
 692.800, 87.400,130.260,  422.7
 692.900, 88.050,130.260,  422.9
 692.900, 88.070,130.260,  423.1
 692.900, 88.070,130.260,  423.3
 692.800, 88.100,130.260,  423.5
 692.800, 88.120,130.260,  423.7
 692.800, 88.140,130.260,  423.9
 692.800, 88.150,130.260,  424.1
 692.700, 88.160,130.260,  424.3
 692.700, 88.030,130.260,  424.5
 692.300, 87.150,130.260,  424.7
 691.800, 85.730,130.260,  424.9
 691.200, 84.310,130.260,  425.1
 690.700, 82.890,130.260,  425.3
 690.100, 81.490,130.260,  425.5
 689.600, 80.090,130.260,  425.7
 689.100, 78.690,130.280,  425.9
 688.500, 77.280,130.280,  426.1
 687.900, 75.890,130.280,  426.3
 687.400, 74.500,130.280,  426.5
 686.800, 73.110,130.280,  426.7
 686.200, 71.740,130.280,  426.9
 685.600, 70.370,130.280,  427.1
 685.000, 69.000,130.280,  427.3
 684.300, 67.650,130.280,  427.5
 683.700, 66.300,130.280,  427.7
 683.000, 64.960,130.280,  427.9
 682.400, 63.630,130.280,  428.1
 681.700, 62.320,130.280,  428.3
 681.000, 61.000,130.280,  428.5
 680.200, 59.700,130.280,  428.7
 679.400, 58.420,130.280,  428.9
 678.700, 57.140,130.280,  429.1
 677.900, 55.890,130.280,  429.3
 677.100, 54.640,130.280,  429.5
 676.200, 53.410,130.280,  429.7
 675.300, 52.210,130.280,  429.9
 674.400, 51.030,130.280,  430.1
 673.500, 49.810,130.280,  430.3
 672.500, 48.660,130.280,  430.5
 671.500, 47.500,130.280,  430.7
 670.500, 46.380,130.280,  430.9
 669.400, 45.270,130.280,  431.1
 668.300, 44.180,130.280,  431.3
 667.200, 43.110,130.280,  431.5
 666.000, 42.060,130.280,  431.7
 664.800, 41.020,130.280,  431.9
 663.500, 40.030,130.280,  432.1
 662.200, 39.050,130.280,  432.3
 660.900, 38.100,130.280,  432.5
 659.500, 37.160,130.280,  432.7
 658.100, 36.250,130.280,  433.0
 656.700, 35.430,130.280,  433.1
 655.100, 34.470,130.280,  433.3
 653.600, 33.660,130.280,  433.5
 652.000, 32.840,130.280,  433.7
 650.400, 32.040,130.280,  433.9
 648.800, 31.270,130.280,  434.1
 647.100, 30.520,130.280,  434.3
 645.400, 29.790,130.280,  434.5
 643.600, 29.070,130.280,  434.7
 641.800, 28.370,130.280,  434.9
 640.000, 27.690,130.280,  435.1
 638.100, 27.030,130.280,  435.3
 636.200, 26.380,130.280,  435.5
 634.300, 25.760,130.280,  435.7
 632.400, 25.140,130.280,  435.9
 630.400, 24.540,130.280,  436.1
 628.400, 23.930,130.280,  436.3
 626.400, 23.360,130.280,  436.5
 624.400, 22.790,130.280,  436.7
 622.400, 22.240,130.280,  436.9
 620.300, 21.690,130.280,  437.1
 618.200, 21.160,130.280,  437.3
 616.100, 20.640,130.280,  437.5
 614.000, 20.130,130.280,  437.7
 611.800, 19.630,130.280,  437.9
 609.700, 19.130,130.280,  438.1
 607.600, 18.640,130.280,  438.3
 605.400, 18.160,130.280,  438.5
 603.200, 17.700,130.280,  438.7
 601.000, 17.240,130.280,  438.9
 598.800, 16.780,130.260,  439.1
 596.500, 16.340,130.260,  439.3
 594.200, 15.910,130.260,  439.5
 591.900, 15.480,130.260,  439.7
 589.700, 15.060,130.260,  439.9
 587.400, 14.650,130.260,  440.1
 585.000, 14.250,130.260,  440.3
 582.700, 13.860,130.260,  440.5
 580.400, 13.480,130.260,  440.7
 578.100, 13.100,130.260,  440.9
 575.700, 12.730,130.260,  441.1
 573.300, 12.380,130.260,  441.3
 570.900, 12.020,130.260,  441.5
 568.500, 11.680,130.260,  441.7
 566.000, 11.350,130.260,  441.9
 563.600, 11.020,130.260,  442.1
 561.100, 10.700,130.260,  442.3
 558.700, 10.390,130.260,  442.5
 556.100, 10.090,130.260,  442.7
 553.700,  9.790,130.260,  442.9
 551.200,  9.500,130.260,  443.1
 548.700,  9.220,130.260,  443.3
 546.100,  8.940,130.260,  443.5
 543.600,  8.680,130.260,  443.7
 541.000,  8.420,130.230,  443.9
 538.400,  8.170,130.230,  444.1
 535.900,  7.920,130.230,  444.3
 533.200,  7.680,130.260,  444.5
 530.700,  7.450,130.260,  444.7
 528.000,  7.230,130.260,  444.9
 525.400,  7.010,130.230,  445.1
 522.800,  6.800,130.230,  445.3
 520.100,  6.590,130.230,  445.5
 517.400,  6.390,130.230,  445.7
 514.700,  6.200,130.230,  445.9
 512.000,  6.010,130.230,  446.1
 509.300,  5.830,130.230,  446.3
 506.700,  5.650,130.230,  446.5
 503.900,  5.480,130.230,  446.7
 501.200,  5.310,130.230,  446.9
 498.500,  5.150,130.230,  447.1
 495.700,  4.990,130.230,  447.3
 493.000,  4.840,130.230,  447.5
 490.200,  4.690,130.230,  447.7
 487.500,  4.550,130.230,  447.9
 484.700,  4.410,130.230,  448.1
 481.800,  4.280,130.210,  448.3
 479.100,  4.140,130.210,  448.5
 476.300,  4.020,130.210,  448.7
 473.500,  3.900,130.210,  448.9
 470.700,  3.770,130.210,  449.1
 467.800,  3.660,130.210,  449.3
 465.000,  3.550,130.210,  449.5
 462.200,  3.440,130.210,  449.7
 459.300,  3.330,130.210,  449.9
 456.500,  3.230,130.210,  450.1
 453.600,  3.140,130.210,  450.3
 450.900,  3.040,130.210,  450.5
 448.000,  2.950,130.210,  450.7
 445.100,  2.860,130.210,  450.9
 442.200,  2.780,130.210,  451.1
 439.400,  2.700,130.210,  451.3
 436.500,  2.610,130.210,  451.5
 433.600,  2.540,130.210,  451.7
 430.700,  2.460,130.210,  451.9
 427.800,  2.390,130.210,  452.1
 424.900,  2.320,130.210,  452.3
 422.000,  2.260,130.190,  452.5
 419.100,  2.200,130.190,  452.7
 416.200,  2.130,130.190,  452.9
 413.300,  2.080,130.190,  453.1
 410.300,  2.020,130.190,  453.3
 407.400,  1.970,130.190,  453.5
 404.500,  1.920,130.190,  453.7
 401.600,  1.870,130.190,  453.9
 398.600,  1.820,130.190,  454.1
 395.800,  1.780,130.190,  454.3
 392.700,  1.730,130.190,  454.5
 389.800,  1.690,130.190,  454.7
 386.800,  1.650,130.190,  454.9
 383.900,  1.620,130.190,  455.1
 380.900,  1.580,130.190,  455.3
 378.000,  1.550,130.190,  455.5
 375.000,  1.520,130.190,  455.7
 372.100,  1.490,130.190,  455.9
 369.100,  1.460,130.190,  456.1
 366.100,  1.430,130.190,  456.3
 363.100,  1.410,130.190,  456.5
 360.200,  1.380,130.190,  456.7
 357.200,  1.360,130.190,  456.9
 354.200,  1.340,130.190,  457.1
 351.200,  1.320,130.160,  457.3
 348.300,  1.300,130.160,  457.5
 345.300,  1.290,130.160,  457.7
 342.300,  1.270,130.190,  457.9
 339.300,  1.260,130.190,  458.1
 336.300,  1.250,130.190,  458.3
 333.300,  1.240,130.160,  458.5
 330.200,  1.230,130.160,  458.7
 328.200,  4.950,130.160,  458.9
 325.600,  6.430,130.160,  459.1
 323.800,  6.520,130.160,  459.3
 320.900,  6.620,130.160,  459.5
 317.900,  6.690,130.160,  459.7
 316.200,  6.730,130.160,  459.9
 312.600,  6.740,130.160,  460.1
 310.200,  6.720,130.160,  460.3
 307.400,  6.670,130.160,  460.5
 304.700,  6.610,130.160,  460.7
 302.700,  6.540,130.160,  460.9
 299.300,  6.460,130.160,  461.1
 296.700,  6.380,130.160,  461.3
 293.900,  6.320,130.160,  461.5
 290.500,  6.270,130.160,  461.7
 288.000,  6.210,130.160,  461.9
 284.200,  6.190,130.160,  462.1
 282.500,  6.180,130.160,  462.3
 278.100,  6.210,130.160,  462.5
 274.700,  6.230,130.160,  462.7
 271.800,  6.220,130.160,  462.9
 269.000,  6.190,130.160,  463.1
 265.800,  6.140,130.160,  463.3
 261.700,  6.090,130.160,  463.5
 259.500,  6.030,130.160,  463.7
 256.700,  5.950,130.160,  463.9
 254.500,  5.880,130.160,  464.1
 252.800,  5.810,130.160,  464.3
 249.300,  5.740,130.160,  464.5
 244.800,  5.670,130.160,  464.7
 242.700,  5.610,130.160,  464.9
 242.400,  5.550,130.160,  465.1
 240.100,  5.510,130.160,  465.3
 236.800,  5.490,130.160,  465.5
 232.300,  5.470,130.160,  465.7
 229.400,  5.450,130.160,  465.9
 226.100,  5.430,130.160,  466.1
 223.100,  5.380,130.160,  466.3
 220.600,  5.310,130.160,  466.5
 218.100,  5.230,130.160,  466.7
 214.500,  5.150,130.160,  466.9
 211.300,  5.070,130.160,  467.1
 205.500,  5.010,130.160,  467.3
 205.600,  4.940,130.160,  467.5
 200.800,  4.890,130.160,  467.7
 200.000,  4.860,130.160,  467.9
 194.700,  4.820,130.160,  468.1
 192.700,  4.790,130.160,  468.3
 189.200,  4.760,130.160,  468.5
 186.500,  4.740,130.160,  468.7
 181.800,  4.690,130.160,  468.9
 181.600,  4.640,130.160,  469.1
 179.500,  4.580,130.160,  469.3
 175.500,  4.520,130.160,  469.5
 171.500,  4.480,130.160,  469.7
 169.500,  4.440,130.160,  469.9
 165.700,  4.430,130.160,  470.1
 157.100,  4.390,130.160,  470.3
 163.300,  4.380,130.160,  470.5
 157.400,  4.340,130.160,  470.7
 154.600,  4.290,130.160,  470.9
 151.500,  4.250,130.160,  471.1
 148.300,  4.200,130.160,  471.3
 143.700,  4.170,130.160,  471.5
 140.200,  4.150,130.160,  471.7
 135.800,  4.100,130.160,  471.9
 136.800,  4.060,130.160,  472.1
 130.400,  4.030,130.160,  472.3
 129.000,  3.990,130.160,  472.5
 125.700,  3.960,130.160,  472.7
 122.600,  3.950,130.160,  472.9
 116.900,  3.950,130.160,  473.1
 118.000,  3.930,130.160,  473.3
 113.700,  3.970,130.160,  473.5
 109.300,  4.010,130.160,  473.7
 104.900,  4.090,130.160,  473.9
  99.100,  4.210,130.160,  474.1
  96.300,  5.130,130.160,  474.3
  93.900,  6.040,130.160,  474.5
  84.400,  6.060,130.160,  474.7
  84.400,  6.090,130.160,  474.9
  79.000,  6.180,130.160,  475.1
  68.400,  8.670,130.160,  475.3
  60.000, 10.630,130.160,  475.5
  57.200, 10.660,130.160,  475.7
  54.400, 10.520,130.160,  475.9
  51.800, 10.360,130.160,  476.1
  49.100, 10.150,130.160,  476.3
  46.500,  9.920,130.160,  476.5
  44.200,  9.680,130.160,  476.7
  41.400,  9.400,130.160,  476.9
  38.900,  9.100,130.160,  477.1
  36.400,  8.770,130.160,  477.3
  34.000,  8.410,130.160,  477.5
  31.600,  8.040,130.190,  477.7
  29.300,  7.650,130.190,  477.9
  27.000,  7.230,130.160,  478.1
  24.800,  6.800,130.160,  478.3
  22.500,  6.340,130.160,  478.5
  20.400,  5.870,130.190,  478.7
  18.200,  5.380,130.190,  478.9
  16.100,  4.870,130.190,  479.1
  14.000,  4.340,130.190,  479.3
  11.900,  3.800,130.190,  479.5
   9.800,  3.240,130.190,  479.7
   7.900,  2.670,130.190,  479.9
   5.900,  2.080,130.190,  480.1
   3.900,  1.480,130.190,  480.3
   2.000,  0.860,130.190,  480.5
   0.500,  0.350,130.190,  480.7
   0.000,  0.160,130.190,  480.9
   0.000,  0.160,130.190,  481.1
   0.000,  0.160,130.190,  481.3
   0.000,  0.160,130.190,  481.5
   0.000,  0.160,130.190,  481.7
   0.000,  0.160,130.190,  481.9
   0.000,  0.160,130.190,  482.1
   0.000,  0.160,130.190,  482.3
   0.000,  0.160,130.190,  482.5
   0.000,  0.160,130.190,  482.7
   0.000,  0.160,130.190,  482.9
   0.000,  0.160,130.190,  483.1
   0.000,  0.160,130.190,  483.3
   0.000,  0.160,130.190,  483.5
   0.000,  0.160,130.190,  483.7
   0.000,  0.160,130.190,  483.9
   0.000,  0.160,130.190,  484.1
   0.000,  0.160,130.190,  484.3
   0.000,  0.160,130.190,  484.5
   0.000,  0.160,130.190,  484.7
   0.000,  0.160,130.190,  484.9
   0.000,  0.160,130.190,  485.1
   0.000,  0.160,130.190,  485.3
   0.000,  0.160,130.190,  485.5
   0.000,  0.160,130.190,  485.7
   0.000,  0.160,130.190,  485.9
   0.000,  0.160,130.190,  486.1
   0.000,  0.160,130.190,  486.3
   0.000,  0.160,130.190,  486.5
   0.000,  0.160,130.190,  486.7
   0.500,  0.310,130.190,  486.9
   1.500,  0.670,130.190,  487.1
   2.800,  1.080,130.190,  487.3
   4.100,  1.480,130.190,  487.5
   5.400,  1.880,130.190,  487.7
   6.600,  2.270,130.190,  487.9
   8.000,  2.660,130.190,  488.1
   9.300,  3.040,130.190,  488.3
  10.600,  3.410,130.190,  488.5
  12.000,  3.780,130.190,  488.7
  13.300,  4.140,130.190,  488.9
  14.700,  4.490,130.190,  489.1
  16.100,  4.830,130.190,  489.3
  17.500,  5.170,130.190,  489.5
  18.900,  5.490,130.190,  489.7
  20.300,  5.820,130.190,  489.9
  21.800,  6.130,130.190,  490.1
  23.200,  6.440,130.190,  490.3
  24.700,  6.740,130.190,  490.5
  26.100,  7.020,130.190,  490.7
  27.600,  7.310,130.190,  490.9
  29.100,  7.580,130.190,  491.1
  30.600,  7.840,130.190,  491.3
  32.200,  8.100,130.190,  491.5
  33.700,  8.340,130.190,  491.7
  35.300,  8.580,130.190,  491.9
  36.900,  8.800,130.190,  492.1
  38.500,  9.020,130.190,  492.3
  40.100,  9.230,130.210,  492.5
  41.800,  9.430,130.210,  492.7
  43.400,  9.610,130.210,  492.9
  45.300,  9.790,130.190,  493.1
  46.800,  9.950,130.190,  493.3
  48.500, 10.100,130.190,  493.5
  50.400, 10.240,130.190,  493.7
  52.000, 10.370,130.190,  493.9
  53.700, 10.480,130.210,  494.1
  55.700, 10.580,130.210,  494.3
  57.500, 10.670,130.210,  494.5
  59.200, 10.690,130.190,  494.7
  61.400, 10.690,130.190,  494.9
  67.500,  8.780,130.190,  495.1
  75.800,  6.820,130.190,  495.3
  85.100,  6.190,130.190,  495.5
  82.600,  6.090,130.210,  495.7
  84.500,  6.020,130.210,  495.9
  90.000,  6.100,130.210,  496.1
  86.600,  6.070,130.190,  496.3
  90.100,  5.640,130.190,  496.5
  94.600,  4.720,130.190,  496.7
 101.300,  4.240,130.190,  496.9
 104.700,  4.170,130.190,  497.1
 107.600,  4.080,130.190,  497.3
 111.900,  4.050,130.190,  497.5
 110.300,  4.010,130.190,  497.7
 112.100,  3.970,130.190,  497.9
 113.700,  3.940,130.190,  498.1
 118.400,  3.930,130.190,  498.3
 117.100,  3.960,130.210,  498.5
 121.300,  3.960,130.210,  498.7
 124.100,  3.960,130.210,  498.9
 124.500,  3.980,130.210,  499.1
 125.600,  4.000,130.210,  499.3
 130.400,  4.010,130.190,  499.5
 132.700,  4.040,130.190,  499.7
 135.200,  4.060,130.190,  499.9
 137.100,  4.100,130.190,  500.1
 138.700,  4.120,130.190,  500.3
 141.000,  4.150,130.210,  500.5
 140.300,  4.160,130.210,  500.7
 142.600,  4.170,130.210,  500.9
 147.600,  4.190,130.190,  501.1
 151.100,  4.230,130.190,  501.3
 151.900,  4.260,130.190,  501.5
 153.500,  4.290,130.210,  501.7
 155.500,  4.320,130.210,  501.9
 157.600,  4.350,130.190,  502.1
 160.500,  4.370,130.190,  502.3
 158.200,  4.390,130.190,  502.5
 164.300,  4.420,130.190,  502.7
 165.000,  4.430,130.190,  502.9
 168.100,  4.440,130.190,  503.1
 169.700,  4.450,130.210,  503.3
 169.500,  4.480,130.210,  503.5
 172.600,  4.500,130.190,  503.7
 174.700,  4.540,130.190,  503.9
 174.700,  4.580,130.190,  504.1
 176.300,  4.610,130.190,  504.3
 180.100,  4.640,130.190,  504.5
 180.800,  4.680,130.190,  504.7
 184.900,  4.720,130.190,  504.9
 185.700,  4.740,130.190,  505.1
 185.800,  4.760,130.190,  505.3
 190.000,  4.780,130.190,  505.5
 191.700,  4.800,130.190,  505.7
 192.800,  4.820,130.190,  505.9
 198.200,  4.830,130.190,  506.1
 196.800,  4.860,130.190,  506.3
 199.100,  4.890,130.190,  506.5
 201.500,  4.910,130.190,  506.7
 204.100,  4.940,130.190,  506.9
 206.100,  4.980,130.190,  507.1
 208.700,  5.030,130.190,  507.3
 210.600,  5.070,130.190,  507.5
 211.600,  5.120,130.190,  507.7
 213.300,  5.170,130.190,  507.9
 219.400,  5.230,130.190,  508.1
 218.700,  5.270,130.190,  508.3
 219.900,  5.330,130.190,  508.5
 223.100,  5.370,130.190,  508.7
 226.100,  5.400,130.190,  508.9
 226.800,  5.430,130.190,  509.1
 228.800,  5.450,130.190,  509.3
 231.200,  5.460,130.190,  509.5
 232.600,  5.470,130.190,  509.7
 233.700,  5.470,130.190,  509.9
 230.600,  5.460,130.190,  510.1
 228.400,  5.450,130.190,  510.3
 225.000,  5.430,130.190,  510.5
 222.500,  5.400,130.190,  510.7
 223.200,  5.360,130.190,  510.9
 220.800,  5.320,130.190,  511.1
 217.500,  5.270,130.190,  511.3
 217.400,  5.220,130.190,  511.5
 214.100,  5.170,130.190,  511.7
 210.900,  5.110,130.190,  511.9
 208.300,  5.060,130.190,  512.1
 207.100,  5.020,130.190,  512.3
 206.000,  4.970,130.190,  512.5
 202.700,  4.930,130.190,  512.7
 201.400,  4.900,130.190,  512.9
 199.100,  4.870,130.190,  513.1
 196.500,  4.850,130.190,  513.3
 197.000,  4.830,130.190,  513.5
 192.800,  4.820,130.190,  513.7
 190.900,  4.800,130.190,  513.9
 188.700,  4.770,130.190,  514.1
 187.800,  4.750,130.190,  514.3
 183.600,  4.730,130.190,  514.5
 182.900,  4.710,130.190,  514.7
 181.500,  4.670,130.190,  514.9
 178.400,  4.630,130.190,  515.1
 176.200,  4.590,130.190,  515.3
 176.100,  4.560,130.190,  515.5
 173.400,  4.520,130.190,  515.7
 169.900,  4.490,130.190,  515.9
 166.800,  4.470,130.190,  516.1
 167.100,  4.440,130.190,  516.3
 166.400,  4.430,130.190,  516.5
 161.800,  4.420,130.190,  516.7
 164.000,  4.400,130.190,  516.9
 159.000,  4.380,130.190,  517.1
 157.200,  4.370,130.190,  517.3
 157.800,  4.330,130.190,  517.5
 152.100,  4.300,130.190,  517.7
 149.400,  4.270,130.190,  517.9
 150.300,  4.240,130.190,  518.1
 147.500,  4.210,130.190,  518.3
 143.800,  4.180,130.190,  518.5
 145.100,  4.160,130.190,  518.7
 139.600,  4.140,130.190,  518.9
 138.400,  4.130,130.190,  519.1
 136.900,  4.110,130.190,  519.3
 134.500,  4.080,130.190,  519.5
 133.900,  4.050,130.190,  519.7
 129.600,  4.010,130.190,  519.9
 127.600,  4.000,130.190,  520.1
 125.500,  3.990,130.190,  520.3
 123.800,  3.980,130.190,  520.5
 120.100,  3.980,130.190,  520.7
 117.500,  3.980,130.190,  520.9
 115.600,  3.950,130.190,  521.1
 112.600,  3.970,130.160,  521.3
 113.000,  3.980,130.160,  521.5
 113.000,  4.030,130.160,  521.7
 107.000,  4.060,130.190,  521.9
 103.500,  4.100,130.190,  522.1
 104.400,  4.190,130.190,  522.3
 100.100,  4.290,130.190,  522.5
  94.800,  5.100,130.190,  522.7
  89.000,  5.850,130.190,  522.9
  92.000,  6.020,130.190,  523.1
  85.200,  6.050,130.190,  523.3
  82.300,  6.070,130.190,  523.5
  84.600,  6.090,130.190,  523.7
  82.200,  6.160,130.190,  523.9
  73.300,  7.890,130.160,  524.1
  64.500,  9.900,130.160,  524.3
  60.400, 10.700,130.160,  524.5
  58.300, 10.710,130.160,  524.7
  56.300, 10.630,130.160,  524.9
  54.800, 10.530,130.160,  525.1
  52.700, 10.420,130.160,  525.3
  51.200, 10.300,130.160,  525.5
  49.100, 10.160,130.160,  525.7
  47.300, 10.020,130.160,  525.9
  45.600,  9.860,130.160,  526.1
  43.900,  9.680,130.160,  526.3
  42.200,  9.500,130.160,  526.5
  40.600,  9.300,130.160,  526.7
  38.900,  9.090,130.160,  526.9
  37.300,  8.880,130.160,  527.1
  35.600,  8.650,130.160,  527.3
  34.000,  8.410,130.160,  527.5
  32.400,  8.160,130.160,  527.7
  30.900,  7.910,130.160,  527.9
  29.300,  7.640,130.160,  528.1
  27.700,  7.360,130.160,  528.3
  26.200,  7.070,130.160,  528.5
  24.700,  6.780,130.160,  528.7
  23.200,  6.480,130.160,  528.9
  21.700,  6.170,130.160,  529.1
  20.300,  5.850,130.160,  529.3
  18.800,  5.520,130.160,  529.5
  17.400,  5.180,130.160,  529.7
  16.000,  4.840,130.160,  529.9
  14.600,  4.490,130.160,  530.1
  13.100,  4.130,130.160,  530.3
  11.800,  3.770,130.160,  530.5
  10.400,  3.390,130.160,  530.7
   9.100,  3.010,130.160,  530.9
   7.800,  2.630,130.160,  531.1
   6.400,  2.230,130.160,  531.3
   5.100,  1.830,130.160,  531.5
   3.800,  1.430,130.160,  531.7
   2.500,  1.010,130.160,  531.9
   1.200,  0.590,130.160,  532.1
   0.300,  0.270,130.160,  532.3
   0.000,  0.160,130.160,  532.5
   0.000,  0.160,130.160,  532.7
   0.000,  0.160,130.160,  532.9
   0.000,  0.160,130.160,  533.1
   0.000,  0.160,130.160,  533.3
   0.000,  0.160,130.160,  533.5
   0.000,  0.160,130.160,  533.7
   0.000,  0.160,130.160,  533.9
   0.000,  0.160,130.160,  534.1
   0.000,  0.160,130.160,  534.3
   0.000,  0.160,130.160,  534.5
   0.000,  0.160,130.160,  534.7
   0.000,  0.160,130.160,  534.9
   0.000,  0.160,130.160,  535.1
   0.000,  0.160,130.160,  535.3
   0.000,  0.160,130.160,  535.5
   0.000,  0.160,130.160,  535.7
   0.000,  0.160,130.160,  535.9
   0.000,  0.160,130.160,  536.1
   0.000,  0.160,130.160,  536.3
   0.000,  0.160,130.160,  536.5
   0.000,  0.160,130.160,  536.7
   0.000,  0.160,130.160,  536.9
   0.000,  0.160,130.160,  537.1
   0.000,  0.160,130.160,  537.3
  -0.100,  0.120,130.160,  537.5
  -0.300,  0.050,130.160,  537.7
  -0.300,  0.050,130.160,  537.9
  -0.200,  0.050,130.160,  538.1
  -0.200,  0.050,130.160,  538.3
  -0.200,  0.050,130.160,  538.5
  -0.200,  0.050,130.160,  538.7
  -0.200,  0.050,130.160,  538.9
  -0.200,  0.050,130.160,  539.1
  -0.200,  0.050,130.160,  539.3
  -0.200,  0.050,130.160,  539.5
  -0.200,  0.050,130.160,  539.7
  -0.200,  0.050,130.160,  539.9
  -0.200,  0.050,130.160,  540.1
  -0.200,  0.050,130.160,  540.3
  -0.200,  0.050,130.160,  540.5
  -0.100,  0.090,130.160,  540.7
   0.100,  0.190,130.160,  540.9
   0.400,  0.280,130.160,  541.1
   0.700,  0.380,130.160,  541.3
   0.800,  0.430,130.160,  541.5
   0.800,  0.430,130.160,  541.7
   0.800,  0.430,130.160,  541.9
   0.800,  0.430,130.160,  542.1
   0.800,  0.430,130.160,  542.3
   0.800,  0.430,130.160,  542.5
   0.800,  0.430,130.160,  542.7
   0.800,  0.430,130.160,  542.9
   0.800,  0.430,130.160,  543.1
   0.800,  0.430,130.160,  543.3
   0.800,  0.430,130.160,  543.5
   0.800,  0.430,130.160,  543.7
   0.800,  0.430,130.160,  543.9
   0.800,  0.430,130.160,  544.1
   0.800,  0.430,130.160,  544.3
   0.800,  0.430,130.160,  544.5
   0.800,  0.430,130.160,  544.7
   0.900,  0.450,130.160,  544.9
   1.100,  0.530,130.160,  545.1
   1.400,  0.630,130.160,  545.3
   1.700,  0.730,130.160,  545.5
   2.000,  0.820,130.160,  545.7
   2.300,  0.920,130.160,  545.9
   2.600,  1.020,130.160,  546.1
   2.900,  1.120,130.160,  546.3
   3.200,  1.220,130.160,  546.5
   3.500,  1.320,130.160,  546.7
   3.800,  1.420,130.160,  546.9
   4.200,  1.520,130.160,  547.1
   4.500,  1.620,130.160,  547.3
   4.800,  1.720,130.160,  547.5
   5.100,  1.820,130.160,  547.7
   5.400,  1.920,130.160,  547.9
   5.800,  2.020,130.160,  548.1
   6.100,  2.110,130.160,  548.3
   6.400,  2.220,130.160,  548.5
   6.700,  2.310,130.160,  548.7
   7.100,  2.410,130.160,  548.9
   7.400,  2.510,130.160,  549.1
   7.800,  2.610,130.160,  549.3
   8.100,  2.710,130.160,  549.5
   8.400,  2.810,130.160,  549.7
   8.800,  2.910,130.160,  549.9
   9.100,  3.010,130.160,  550.1
   9.500,  3.110,130.160,  550.3
   9.800,  3.210,130.160,  550.5
  10.200,  3.300,130.160,  550.7
  10.600,  3.410,130.160,  550.9
  10.900,  3.500,130.160,  551.1
  11.300,  3.600,130.160,  551.3
  11.700,  3.700,130.160,  551.5
  12.000,  3.800,130.160,  551.7
  12.400,  3.900,130.160,  551.9
  12.800,  4.000,130.160,  552.1
  13.200,  4.100,130.160,  552.3
  13.500,  4.200,130.160,  552.5
  13.900,  4.300,130.160,  552.7
  14.300,  4.400,130.160,  552.9
  14.700,  4.500,130.160,  553.1
  15.100,  4.600,130.160,  553.3
  15.500,  4.690,130.160,  553.5
  15.900,  4.800,130.160,  553.7
  16.300,  4.890,130.160,  553.9
  16.700,  4.990,130.160,  554.1
  17.100,  5.090,130.160,  554.3
  17.500,  5.190,130.160,  554.5
  17.900,  5.290,130.160,  554.7
  18.300,  5.390,130.160,  554.9
  18.800,  5.490,130.160,  555.1
  19.300,  5.590,130.160,  555.3
  19.700,  5.690,130.160,  555.5
  20.100,  5.790,130.160,  555.7
  20.500,  5.890,130.160,  555.9
  21.000,  5.990,130.160,  556.1
  21.500,  6.080,130.160,  556.3
  21.900,  6.180,130.160,  556.5
  22.400,  6.280,130.160,  556.7
  22.900,  6.380,130.160,  556.9
  23.300,  6.480,130.160,  557.1
  23.800,  6.580,130.160,  557.3
  24.300,  6.680,130.160,  557.5
  24.800,  6.780,130.160,  557.7
  25.300,  6.880,130.160,  557.9
  25.800,  6.980,130.160,  558.1
  26.300,  7.080,130.160,  558.3
  26.800,  7.180,130.160,  558.5
  27.400,  7.280,130.160,  558.7
  27.900,  7.370,130.160,  558.9
  28.500,  7.470,130.160,  559.1
  29.000,  7.570,130.160,  559.3
  29.600,  7.670,130.160,  559.5
  30.200,  7.770,130.160,  559.7
  30.700,  7.870,130.160,  559.9
  31.300,  7.970,130.160,  560.1
  31.900,  8.070,130.160,  560.3
  32.500,  8.170,130.160,  560.5
  33.200,  8.270,130.160,  560.7
  33.800,  8.360,130.160,  560.9
  34.500,  8.460,130.160,  561.1
  35.100,  8.560,130.160,  561.3
  35.800,  8.660,130.160,  561.5
  36.500,  8.760,130.160,  561.7
  37.200,  8.860,130.160,  561.9
  38.000,  8.960,130.160,  562.1
  38.700,  9.060,130.160,  562.3
  39.500,  9.160,130.160,  562.5
  40.300,  9.260,130.160,  562.7
  41.100,  9.360,130.160,  562.9
  42.000,  9.460,130.160,  563.1
  42.900,  9.550,130.160,  563.3
  43.800,  9.650,130.160,  563.5
  44.700,  9.750,130.160,  563.7
  45.800,  9.850,130.160,  563.9
  46.800,  9.950,130.160,  564.1
  48.000, 10.050,130.160,  564.3
  49.100, 10.150,130.160,  564.5
 232.600, 10.240,130.160,  564.7
 552.700, 10.300,130.160,  564.9
 553.800, 10.400,130.160,  565.1
 554.700, 10.500,130.160,  565.3
 555.700, 10.600,130.160,  565.5
 556.500, 10.700,130.160,  565.7
 557.400, 10.800,130.160,  565.9
 558.200, 10.900,130.160,  566.1
 559.000, 11.000,130.160,  566.3
 559.800, 11.100,130.160,  566.5
 560.600, 11.200,130.160,  566.7
 561.400, 11.300,130.160,  566.9
 562.200, 11.390,130.160,  567.1
 563.000, 11.490,130.160,  567.3
 563.700, 11.590,130.160,  567.5
 564.400, 11.690,130.160,  567.7
 565.200, 11.790,130.160,  567.9
 565.900, 11.890,130.160,  568.1
 566.600, 11.990,130.160,  568.3
 567.300, 12.090,130.160,  568.5
 568.000, 12.190,130.160,  568.7
 568.800, 12.290,130.160,  568.9
 569.400, 12.390,130.160,  569.1
 570.100, 12.490,130.160,  569.3
 570.800, 12.590,130.160,  569.5
 571.500, 12.690,130.160,  569.7
 572.100, 12.790,130.160,  569.9
 572.800, 12.880,130.160,  570.1
 573.400, 12.980,130.160,  570.3
 574.100, 13.080,130.160,  570.5
 574.700, 13.180,130.160,  570.7
 575.300, 13.280,130.160,  570.9
 576.000, 13.380,130.160,  571.1
 576.600, 13.480,130.160,  571.3
 577.200, 13.580,130.160,  571.5
 577.800, 13.680,130.160,  571.7
 578.400, 13.780,130.160,  571.9
 579.000, 13.870,130.160,  572.1
 579.600, 13.970,130.160,  572.3
 580.200, 14.070,130.160,  572.5
 580.800, 14.180,130.160,  572.7
 581.400, 14.270,130.160,  572.9
 582.000, 14.370,130.160,  573.1
 582.600, 14.470,130.160,  573.3
 583.100, 14.570,130.160,  573.5
 583.700, 14.670,130.160,  573.7
 584.300, 14.770,130.160,  573.9
 584.800, 14.870,130.160,  574.1
 585.400, 14.970,130.160,  574.3
 586.000, 15.070,130.160,  574.5
 586.500, 15.160,130.160,  574.7
 587.000, 15.270,130.160,  574.9
 587.600, 15.360,130.160,  575.1
 588.100, 15.460,130.160,  575.3
 588.700, 15.560,130.160,  575.5
 589.200, 15.660,130.160,  575.7
 589.700, 15.760,130.160,  575.9
 590.200, 15.860,130.160,  576.1
 590.800, 15.960,130.160,  576.3
 591.300, 16.060,130.160,  576.5
 591.800, 16.160,130.160,  576.7
 592.300, 16.260,130.160,  576.9
 592.800, 16.350,130.160,  577.1
 593.300, 16.460,130.160,  577.3
 593.800, 16.560,130.160,  577.5
 594.300, 16.650,130.160,  577.7
 594.800, 16.750,130.160,  577.9
 595.300, 16.850,130.160,  578.1
 595.800, 16.950,130.160,  578.3
 596.300, 17.050,130.160,  578.5
 596.800, 17.150,130.160,  578.7
 597.200, 17.250,130.160,  578.9
 597.800, 17.350,130.160,  579.1
 598.200, 17.450,130.160,  579.3
 598.700, 17.550,130.160,  579.5
 599.200, 17.650,130.160,  579.7
 599.700, 17.750,130.160,  579.9
 600.100, 17.840,130.160,  580.1
 600.600, 17.940,130.160,  580.3
 601.000, 18.040,130.160,  580.5
 601.500, 18.140,130.160,  580.7
 602.000, 18.240,130.160,  580.9
 602.400, 18.340,130.160,  581.1
 602.900, 18.440,130.160,  581.3
 603.300, 18.540,130.160,  581.5
 603.800, 18.640,130.160,  581.7
 604.200, 18.740,130.160,  581.9
 604.700, 18.840,130.160,  582.1
 605.100, 18.940,130.160,  582.3
 605.600, 19.030,130.160,  582.5
 606.000, 19.140,130.160,  582.7
 606.400, 19.230,130.160,  582.9
 606.900, 19.330,130.160,  583.1
 607.300, 19.430,130.160,  583.3
 607.700, 19.530,130.160,  583.5
 608.100, 19.630,130.160,  583.7
 608.600, 19.730,130.160,  583.9
 609.000, 19.830,130.160,  584.1
 609.400, 19.930,130.160,  584.3
 609.800, 20.030,130.160,  584.5
 610.300, 20.130,130.160,  584.7
 610.700, 20.230,130.160,  584.9
 611.100, 20.330,130.160,  585.1
 611.500, 20.430,130.160,  585.3
 611.900, 20.520,130.160,  585.5
 612.300, 20.620,130.160,  585.7
 612.700, 20.720,130.160,  585.9
 613.100, 20.820,130.160,  586.1
 613.500, 20.920,130.160,  586.3
 613.900, 21.020,130.160,  586.5
 614.300, 21.120,130.160,  586.7
 614.700, 21.220,130.160,  586.9
 615.100, 21.320,130.160,  587.1
 615.500, 21.420,130.160,  587.3
 615.900, 21.520,130.160,  587.5
 616.300, 21.620,130.160,  587.7
 616.700, 21.710,130.160,  587.9
 617.000, 21.810,130.160,  588.1
 617.400, 21.910,130.160,  588.3
 617.800, 22.010,130.160,  588.5
 618.200, 22.110,130.160,  588.7
 618.600, 22.210,130.160,  588.9
 618.900, 22.310,130.160,  589.1
 619.300, 22.410,130.160,  589.3
 619.700, 22.510,130.160,  589.5
 620.100, 22.610,130.160,  589.7
 620.400, 22.710,130.160,  589.9
 620.800, 22.810,130.160,  590.1
 621.200, 22.900,130.160,  590.3
 621.600, 23.010,130.160,  590.5
 621.900, 23.100,130.160,  590.7
 622.300, 23.200,130.160,  590.9
 622.600, 23.300,130.160,  591.1
 623.000, 23.400,130.160,  591.3
 623.400, 23.500,130.160,  591.5
 623.700, 23.600,130.160,  591.7
 624.000, 23.700,130.160,  591.9
 624.400, 23.800,130.160,  592.1
 624.700, 23.900,130.160,  592.3
 625.100, 24.000,130.160,  592.5
 625.400, 24.100,130.160,  592.7
 625.800, 24.190,130.160,  592.9
 626.100, 24.290,130.160,  593.1
 626.500, 24.390,130.160,  593.3
 626.800, 24.490,130.160,  593.5
 627.200, 24.590,130.160,  593.7
 627.500, 24.690,130.160,  593.9
 627.800, 24.790,130.160,  594.1
 628.200, 24.890,130.160,  594.3
 628.500, 24.990,130.160,  594.5
 628.800, 25.090,130.160,  594.7
 629.100, 25.190,130.160,  594.9
 629.100, 25.190,130.160,  595.1
 628.800, 25.090,130.160,  595.3
 628.600, 24.990,130.160,  595.5
 628.300, 24.890,130.160,  595.7
 628.000, 24.790,130.160,  595.9
 627.700, 24.690,130.160,  596.1
 627.300, 24.590,130.160,  596.3
 627.000, 24.490,130.160,  596.5
 626.700, 24.390,130.160,  596.7
 626.400, 24.290,130.160,  596.9
 626.000, 24.190,130.160,  597.1
 625.800, 24.080,130.160,  597.3
 625.400, 23.980,130.160,  597.5
 625.100, 23.880,130.160,  597.7
 624.700, 23.780,130.160,  597.9
 624.400, 23.680,130.160,  598.1
 624.100, 23.580,130.160,  598.3
 623.700, 23.480,130.160,  598.5
 623.400, 23.380,130.160,  598.7
 623.100, 23.280,130.160,  598.9
 622.700, 23.180,130.160,  599.1
 622.400, 23.080,130.160,  599.3
 622.000, 22.980,130.160,  599.5
 621.600, 22.880,130.160,  599.7
 621.300, 22.780,130.160,  599.9
 620.900, 22.680,130.160,  600.1
 620.600, 22.570,130.160,  600.3
 620.200, 22.470,130.160,  600.5
 619.800, 22.370,130.160,  600.7
 619.500, 22.270,130.160,  600.9
 619.100, 22.170,130.160,  601.1
 618.700, 22.070,130.160,  601.3
 618.300, 21.970,130.160,  601.5
 618.000, 21.870,130.160,  601.7
 617.600, 21.770,130.160,  601.9
 617.200, 21.670,130.160,  602.1
 616.800, 21.570,130.160,  602.3
 616.400, 21.460,130.160,  602.5
 616.000, 21.360,130.160,  602.7
 615.700, 21.260,130.160,  602.9
 615.200, 21.160,130.160,  603.1
 614.900, 21.060,130.160,  603.3
 614.500, 20.960,130.160,  603.5
 614.100, 20.860,130.160,  603.7
 613.700, 20.760,130.160,  603.9
 613.200, 20.660,130.160,  604.1
 612.800, 20.560,130.160,  604.3
 612.500, 20.460,130.160,  604.5
 612.000, 20.360,130.160,  604.7
 611.600, 20.260,130.160,  604.9
 611.200, 20.160,130.160,  605.1
 610.800, 20.060,130.160,  605.3
 610.400, 19.950,130.160,  605.5
 610.000, 19.850,130.160,  605.7
 609.600, 19.750,130.160,  605.9
 609.100, 19.650,130.160,  606.1
 608.700, 19.550,130.160,  606.3
 608.200, 19.450,130.160,  606.5
 607.800, 19.350,130.160,  606.7
 607.400, 19.250,130.160,  606.9
 606.900, 19.150,130.160,  607.1
 606.500, 19.050,130.160,  607.3
 606.100, 18.950,130.160,  607.5
 605.600, 18.840,130.160,  607.7
 605.200, 18.740,130.140,  607.9
 604.700, 18.640,130.140,  608.1
 604.300, 18.540,130.160,  608.3
 603.800, 18.440,130.160,  608.5
 603.400, 18.340,130.160,  608.7
 602.900, 18.240,130.160,  608.9
 602.500, 18.140,130.160,  609.1
 602.000, 18.040,130.160,  609.3
 601.500, 17.940,130.160,  609.5
 601.100, 17.840,130.160,  609.7
 600.600, 17.740,130.140,  609.9
 600.100, 17.640,130.140,  610.1
 599.600, 17.540,130.140,  610.3
 599.200, 17.430,130.140,  610.5
 598.700, 17.330,130.140,  610.7
 598.200, 17.230,130.140,  610.9
 597.700, 17.130,130.140,  611.1
 597.200, 17.030,130.140,  611.3
 596.700, 16.930,130.140,  611.5
 596.200, 16.830,130.140,  611.7
 595.700, 16.730,130.140,  611.9
 595.300, 16.630,130.140,  612.1
 594.700, 16.530,130.140,  612.3
 594.200, 16.430,130.140,  612.5
 593.700, 16.330,130.140,  612.7
 593.200, 16.230,130.140,  612.9
 592.700, 16.130,130.140,  613.1
 592.200, 16.020,130.140,  613.3
 591.600, 15.920,130.140,  613.5
 591.100, 15.830,130.140,  613.7
 590.600, 15.720,130.140,  613.9
 590.000, 15.620,130.140,  614.1
 589.500, 15.520,130.140,  614.3
 589.000, 15.420,130.140,  614.5
 588.400, 15.320,130.140,  614.7
 587.900, 15.220,130.140,  614.9
 587.300, 15.120,130.140,  615.1
 586.800, 15.020,130.140,  615.3
 586.200, 14.920,130.140,  615.5
 585.700, 14.820,130.140,  615.7
 585.100, 14.710,130.140,  615.9
 584.500, 14.610,130.140,  616.1
 583.900, 14.510,130.140,  616.3
 583.400, 14.410,130.140,  616.5
 582.800, 14.310,130.140,  616.7
 582.200, 14.210,130.140,  616.9
 581.600, 14.110,130.140,  617.1
 581.100, 14.010,130.140,  617.3
 580.400, 13.910,130.140,  617.5
 579.800, 13.810,130.140,  617.7
 579.200, 13.710,130.140,  617.9
 578.600, 13.610,130.140,  618.1
 578.000, 13.510,130.140,  618.3
 577.400, 13.410,130.140,  618.5
 576.700, 13.300,130.140,  618.7
 576.100, 13.200,130.140,  618.9
 575.500, 13.100,130.140,  619.1
 574.900, 13.000,130.140,  619.3
 574.200, 12.900,130.140,  619.5
 573.600, 12.800,130.140,  619.7
 572.900, 12.700,130.140,  619.9
 572.300, 12.600,130.140,  620.1
 571.600, 12.500,130.140,  620.3
 571.000, 12.400,130.140,  620.5
 570.300, 12.300,130.140,  620.7
 569.600, 12.200,130.140,  620.9
 568.900, 12.100,130.140,  621.1
 568.300, 11.990,130.140,  621.3
 567.500, 11.890,130.140,  621.5
 566.800, 11.790,130.140,  621.7
 566.200, 11.690,130.140,  621.9
 565.400, 11.590,130.140,  622.1
 564.700, 11.490,130.140,  622.3
 564.000, 11.390,130.140,  622.5
 563.300, 11.290,130.140,  622.7
 562.500, 11.190,130.140,  622.9
 561.800, 11.090,130.140,  623.1
 561.000, 10.990,130.140,  623.3
 560.300, 10.890,130.140,  623.5
 559.500, 10.790,130.140,  623.7
 558.700, 10.690,130.140,  623.9
 558.000, 10.590,130.140,  624.1
 557.100, 10.480,130.140,  624.3
 556.400, 10.380,130.140,  624.5
 555.600, 10.280,130.140,  624.7
 554.800, 10.180,130.140,  624.9
 553.900, 10.080,130.140,  625.1
 553.100,  9.980,130.140,  625.3
 552.300,  9.880,130.140,  625.5
 551.400,  9.780,130.140,  625.7
 550.500,  9.680,130.140,  625.9
 549.700,  9.570,130.140,  626.1
 548.800,  9.480,130.140,  626.3
 547.900,  9.370,130.140,  626.5
 547.000,  9.270,130.140,  626.7
 546.100,  9.170,130.140,  626.9
 545.200,  9.070,130.140,  627.1
 544.300,  8.970,130.140,  627.3
 543.300,  8.870,130.140,  627.5
 542.400,  8.770,130.140,  627.7
 541.400,  8.670,130.140,  627.9
 540.400,  8.570,130.140,  628.1
 539.500,  8.470,130.140,  628.3
 538.400,  8.370,130.140,  628.5
 537.500,  8.270,130.110,  628.7
 536.400,  8.170,130.110,  628.9
 535.400,  8.070,130.140,  629.1
 534.300,  7.970,130.140,  629.3
 533.300,  7.860,130.140,  629.5
 532.200,  7.760,130.110,  629.7
 531.000,  7.660,130.110,  629.9
 529.900,  7.560,130.110,  630.1
 528.800,  7.460,130.110,  630.3
 527.700,  7.360,130.110,  630.5
 526.500,  7.260,130.140,  630.7
 525.300,  7.160,130.140,  630.9
 524.100,  7.060,130.140,  631.1
 522.900,  6.960,130.110,  631.3
 521.700,  6.860,130.110,  631.5
 520.400,  6.760,130.110,  631.7
 519.100,  6.660,130.110,  631.9
 517.900,  6.560,130.110,  632.1
 516.600,  6.460,130.110,  632.3
 515.200,  6.350,130.110,  632.5
 513.800,  6.250,130.110,  632.7
 512.400,  6.150,130.110,  632.9
 511.000,  6.050,130.110,  633.1
 509.600,  5.950,130.110,  633.3
 508.100,  5.850,130.110,  633.5
 506.600,  5.750,130.110,  633.7
 505.100,  5.650,130.110,  633.9
 503.600,  5.550,130.110,  634.1
 502.000,  5.450,130.110,  634.3
 500.400,  5.350,130.110,  634.5
 498.700,  5.250,130.110,  634.7
 497.000,  5.150,130.110,  634.9
 495.300,  5.050,130.110,  635.1
 493.600,  4.950,130.110,  635.3
 491.700,  4.850,130.110,  635.5
 489.900,  4.740,130.110,  635.7
 488.000,  4.640,130.110,  635.9
 486.100,  4.540,130.110,  636.1
 484.200,  4.440,130.110,  636.3
 482.100,  4.340,130.110,  636.5
 480.000,  4.240,130.110,  636.7
 477.900,  4.140,130.110,  636.9
 475.700,  4.040,130.110,  637.1
 473.500,  3.940,130.110,  637.3
 471.200,  3.840,130.110,  637.5
 468.800,  3.740,130.110,  637.7
 466.300,  3.640,130.110,  637.9
 463.800,  3.540,130.110,  638.1
 461.200,  3.440,130.110,  638.3
 458.500,  3.340,130.110,  638.5
 455.700,  3.240,130.110,  638.7
 452.800,  3.140,130.110,  638.9
 449.700,  3.030,130.110,  639.1
 446.600,  2.930,130.110,  639.3
 443.300,  2.830,130.110,  639.5
 439.900,  2.730,130.110,  639.7
 436.300,  2.630,130.110,  639.9
 432.600,  2.530,130.110,  640.1
 428.600,  2.430,130.110,  640.3
 424.400,  2.330,130.110,  640.5
 420.000,  2.230,130.110,  640.7
 415.200,  2.130,130.110,  640.9
 410.100,  2.030,130.110,  641.1
 404.600,  1.930,130.110,  641.3
 398.500,  1.830,130.110,  641.5
 391.800,  1.730,130.110,  641.7
 384.200,  1.630,130.110,  641.9
 375.500,  1.530,130.110,  642.1
 365.000,  1.430,130.110,  642.3
 351.000,  1.330,130.110,  642.5
 140.300,  1.250,130.110,  642.7
   3.000,  1.160,130.110,  642.9
   2.700,  1.060,130.110,  643.1
   2.400,  0.960,130.110,  643.3
   2.100,  0.860,130.110,  643.5
   1.700,  0.760,130.110,  643.7
   1.500,  0.660,130.110,  643.9
   1.200,  0.550,130.110,  644.1
   0.800,  0.450,130.110,  644.3
   0.500,  0.350,130.110,  644.5
   0.200,  0.250,130.110,  644.7
   0.000,  0.150,130.110,  644.9
  -0.200,  0.080,130.110,  645.1
  -0.200,  0.050,130.110,  645.3
  -0.200,  0.050,130.110,  645.5
  -0.200,  0.050,130.110,  645.7
  -0.200,  0.050,130.110,  645.9
  -0.300,  0.050,130.110,  646.1
  -0.200,  0.050,130.110,  646.3
  -0.200,  0.050,130.110,  646.5
  -0.200,  0.050,130.110,  646.7
  -0.200,  0.050,130.110,  646.9
  -0.200,  0.050,130.110,  647.1
  -0.200,  0.050,130.110,  647.3
  -0.200,  0.050,130.110,  647.5
  -0.200,  0.050,130.110,  647.7
